HMMER2.0  [2.2g]
NAME  Ribosomal_S11
ACC   PF00411
DESC  Ribosomal protein S11
LENG  124
ALPH  Amino
RF    no
CS    no
MAP   yes
COM   hmmbuild -F HMM_ls.ann SEED.ann
COM   hmmcalibrate --seed 0 HMM_ls.ann
NSEQ  13
DATE  Mon May 27 08:06:43 2002
CKSUM 237
GA    -4.0 -4.0
TC    11.6 11.6
NC    -21.0 -21.0
XT      -8455     -4  -1000  -1000  -8455     -4  -8455     -4 
NULT      -4  -8455
NULE     595  -1558     85    338   -294    453  -1158    197    249    902  -1085   -142    -21   -313     45    531    201    384  -1998   -644 
EVD   -108.950523   0.190494
HMM        A      C      D      E      F      G      H      I      K      L      M      N      P      Q      R      S      T      V      W      Y    
         m->m   m->i   m->d   i->m   i->i   d->m   d->d   b->m   m->e
         -138      *  -3458
     1  -1728   2165  -3912  -4206  -4772   3371  -3936  -4658  -4377  -4894  -3991   1459  -3355  -3952  -4242  -1970  -2189  -3474  -4930  -4812     1
     -   -149   -500    233     43   -381    399    106   -626    210   -466   -720    275    394     45     96    359    117   -369   -294   -249 
     -     -6  -8467  -9509   -894  -1115   -701  -1378   -138      * 
     2  -2058  -1892  -3752  -3230  -2150  -3689  -2646   2788    858  -1606  -1191    529  -3715  -2725  -2726  -2830  -2019   2149  -2858  -2468     2
     -   -149   -500    233     43   -381    399    106   -626    210   -466   -720    275    394     45     96    359    117   -369   -294   -249 
     -     -6  -8467  -9509   -894  -1115   -701  -1378      *      * 
     3   1941  -1464  -3256  -2683  -1556  -3032  -1974   1785    797  -1293   -722  -2476  -3107  -2181  -2447  -2114    412   1377  -2106  -1735     3
     -   -149   -500    233     43   -381    399    106   -626    210   -466   -720    275    394     45     96    359    117   -369   -294   -249 
     -     -6  -8467  -9509   -894  -1115   -701  -1378      *      * 
     4  -3887  -3917  -4274  -3473  -1005  -4354   4621  -3966  -1436  -3492  -3218  -3081  -4324  -2223   1964  -3717  -3650  -3924  -1603   2103     4
     -   -149   -500    233     43   -381    399    106   -626    210   -466   -720    275    394     45     96    359    117   -369   -294   -249 
     -     -6  -8467  -9509   -894  -1115   -701  -1378      *      * 
     5  -2738  -2294  -5285  -4896  -2431  -4934  -4121   3324  -4717  -1647  -1527  -4556  -4772  -4485  -4710  -4202  -2718   1801  -3631   1753     5
     -   -149   -500    233     43   -381    399    106   -626    210   -466   -720    275    394     45     96    359    117   -369   -294   -249 
     -     -6  -8467  -9509   -894  -1115   -701  -1378      *      * 
     6  -1649  -2785  -1664  -1040    614  -2593   2342  -2743    812  -2709  -1907  -1267  -2655   2839    595  -1568  -1555  -2421  -2576   2271     6
     -   -149   -500    233     43   -381    399    106   -626    210   -466   -720    275    394     45     96    359    117   -369   -294   -249 
     -     -6  -8467  -9509   -894  -1115   -701  -1378      *      * 
     7   2522  -1942  -3765  -3499  -3217  -2439  -2978  -2792  -3273    389  -2383  -2749  -3078  -3003  -3308   1578   1236  -2323  -3594  -3292     7
     -   -149   -500    233     43   -381    399    106   -626    210   -466   -720    275    394     45     96    359    117   -369   -294   -249 
     -     -6  -8467  -9509   -894  -1115   -701  -1378      *      * 
     8  -1581  -2112  -4051  -4031   1555  -2511  -3263  -3397  -3852  -3653  -2947  -2990  -3224  -3498  -3769   2748   2342  -2766  -3628  -3002     8
     -   -149   -500    233     43   -381    399    106   -626    210   -466   -720    275    394     45     96    359    117   -369   -294   -249 
     -     -6  -8467  -9509   -894  -1115   -701  -1378      *      * 
     9  -3658  -3257  -4651  -4518   4020  -4582  -1624  -2975  -4120  -2766  -2527  -3557  -4575    849  -3899  -3761    375  -2990   -974   1796     9
     -   -149   -500    233     43   -381    399    106   -626    210   -466   -720    275    394     45     96    359    117   -369   -294   -249 
     -  -2296  -8467   -334   -894  -1115   -701  -1378      *      * 
    10     -1   -610  -1022  -1072  -1936   -782  -1141  -1840  -1134  -2103  -1418   -788  -1430  -1029  -1298   2934   -350  -1213  -2165  -1721    10
     -   -149   -500    233     43   -381    399    106   -626    210   -466   -720    275    394     45     96    359    117   -369   -294   -249 
     -    -29  -6200  -7243   -894  -1115  -3362   -148      *      * 
    11  -1217  -1849   -998   -627  -2373  -1676   -406  -2090   3246  -2047  -1443   -719  -1903    -70    500  -1190  -1156  -1833  -1956  -1704    11
     -   -149   -500    233     43   -381    399    106   -626    210   -466   -720    275    394     45     96    359    117   -369   -294   -249 
     -    -29  -6200  -7243   -894  -1115  -3362   -148      *      * 
    12  -1217  -1849   -998   -627  -2373  -1676   -406  -2090   3246  -2047  -1443   -719  -1903    -70    500  -1190  -1156  -1833  -1956  -1704    12
     -   -149   -500    233     43   -381    399    106   -626    210   -466   -720    275    394     45     96    359    117   -369   -294   -249 
     -    -29  -6200  -7243   -894  -1115  -3362   -148      *      * 
    13  -1407  -1801  -1677  -1131  -2297  -1809   -624  -2199    412  -2093  -1559  -1109  -2052   -336   3574  -1451  -1369  -1967  -1918  -1738    13
     -   -149   -500    233     43   -381    399    106   -626    210   -466   -720    275    394     45     96    359    117   -369   -294   -249 
     -    -29  -6200  -7243   -894  -1115    -91  -4039      *      * 
    14  -2875  -3503  -2573  -2948  -5302    265  -3692  -5559  -4049  -5546  -4860   4230  -3972  -3578  -4373  -2983  -3254  -4566  -5083  -4927    14
     -   -149   -500    233     43   -381    399    106   -626    210   -466   -720    275    394     45     96    359    117   -369   -294   -249 
     -     -6  -8467  -9509   -894  -1115   -701  -1378      *      * 
    15  -3236  -4795    891  -1351  -5268  -3023  -2584  -5467  -3025  -5299  -4766   4157  -3626  -2310  -3950  -2917  -3388  -4852  -5209  -4322    15
     -   -149   -500    233     43   -381    399    106   -626    210   -466   -720    275    394     45     96    359    117   -369   -294   -249 
     -     -6  -8467  -9509   -894  -1115   -701  -1378      *      * 
    16  -1930  -2282  -4651  -4736  -3672  -2958  -4084  -1491  -4445  -2985  -2685  -3547  -3646  -4171  -4281  -2336   3552   1733  -4475  -4177    16
     -   -149   -500    233     43   -381    399    106   -626    210   -466   -720    275    394     45     96    359    117   -369   -294   -249 
     -     -6  -8467  -9509   -894  -1115   -701  -1378      *      * 
    17  -3729  -3186  -6108  -5588   2198  -5807  -4358   3191  -5367   1199   -505  -5439  -5110  -4350  -4962  -5113  -3612  -1305  -3209  -3012    17
     -   -149   -500    233     43   -381    399    106   -626    210   -466   -720    275    394     45     96    359    117   -369   -294   -249 
     -     -6  -8467  -9509   -894  -1115   -701  -1378      *      * 
    18  -2958  -2447  -5625  -5283  -2819  -5450  -5291   2926  -5228    551  -1537  -5107  -5143  -5046  -5323  -4815  -2941   2529  -4548  -4161    18
     -   -149   -500    233     43   -381    399    106   -626    210   -466   -720    275    394     45     96    359    117   -369   -294   -249 
     -     -6  -8467  -9509   -894  -1115   -701  -1378      *      * 
    19    -74  -2159  -3306  -3205  -4035  -2418   1687  -3766  -3139  -3992  -3145  -2648  -3108  -2947  -3283    431   3550  -2952  -4257  -3941    19
     -   -149   -500    233     43   -381    399    106   -626    210   -466   -720    275    394     45     96    359    117   -369   -294   -249 
     -     -6  -8467  -9509   -894  -1115   -701  -1378      *      * 
    20  -2968  -2457  -5631  -5284  -2778  -5450  -5259   2820  -5223    792  -1500  -5108  -5137  -5018  -5304  -4812  -2949   2551  -4501  -4135    20
     -   -149   -500    233     43   -381    399    106   -626    210   -466   -720    275    394     45     96    359    117   -369   -294   -249 
     -     -6  -8467  -9509   -894  -1115   -701  -1378      *      * 
    21  -1605  -2215  -4211  -4508  -4728  -2475  -3983  -4551  -4439  -4828  -3917  -3156  -3274  -4024  -4223    453   3832  -3354  -4943  -4822    21
     -   -149   -500    233     43   -381    399    106   -626    210   -466   -720    275    394     45     96    359    117   -369   -294   -249 
     -     -6  -8467  -9509   -894  -1115   -701  -1378      *      * 
    22  -5158  -5086   4195  -3632  -6167  -4446  -4452  -6919  -5060  -6509  -6265  -3965  -4969  -4469  -5423  -5050  -5327  -6447  -5289  -5750    22
     -   -149   -500    233     43   -381    399    106   -626    210   -466   -720    275    394     45     96    359    117   -369   -294   -249 
     -     -6  -8467  -9509   -894  -1115   -701  -1378      *      * 
    23  -1228  -1103  -3281  -2663  -1060  -2742  -1596   1476  -2310    725   -300  -2288   1101    670    100  -1814  -1169   1695  -1556   1054    23
     -   -149   -500    233     43   -381    399    106   -626    210   -466   -720    275    394     45     96    359    117   -369   -294   -249 
     -     -6  -8467  -9509   -894  -1115   -701  -1378      *      * 
    24  -1080  -2547   -930    607  -2867  -2054   1249    597   1139  -2562  -1637    731  -2147   1456    835    222   1108  -2169  -2731  -2051    24
     -   -149   -500    233     43   -381    399    106   -626    210   -466   -720    275    394     45     96    359    117   -369   -294   -249 
     -     -6  -8467  -9509   -894  -1115   -701  -1378      *      * 
    25  -5009  -4658  -5599  -5975  -6339   3844  -5470  -7140  -6257  -6747  -6464  -5673  -5235  -6046  -5830  -5318  -5379  -6405  -5297  -6309    25
     -   -149   -500    233     43   -381    399    106   -626    210   -466   -720    275    394     45     96    359    117   -369   -294   -249 
     -     -6  -8467  -9509   -894  -1115   -701  -1378      *      * 
    26    897  -3236  -1870  -1394  -3856  -2842  -1400  -3471   -500  -3332  -2527   2753  -2988    580   2635  -1995  -2016  -3080  -3376  -2935    26
     -   -149   -500    233     43   -381    399    106   -626    210   -466   -720    275    394     45     96    359    117   -369   -294   -249 
     -     -6  -8467  -9509   -894  -1115   -701  -1378      *      * 
    27    759  -1959  -2274   1655  -2457  -2598  -1961  -1439  -1935  -2196  -1554  -1969  -2927  -1789  -2251  -1762   1287   2457  -2863  -2428    27
     -   -149   -500    233     43   -381    399    106   -626    210   -466   -720    275    394     45     96    359    117   -369   -294   -249 
     -     -6  -8467  -9509   -894  -1115   -701  -1378      *      * 
    28  -1318  -1209  -3233  -2625  -1189  -2831  -1684   1707    143    538   -407  -2321  -2879    671  -2246  -1900   1203   1921  -1699  -1344    28
     -   -149   -500    233     43   -381    399    106   -626    210   -466   -720    275    394     45     96    359    117   -369   -294   -249 
     -     -6  -8467  -9509   -894  -1115   -701  -1378      *      * 
    29    827  -1067  -3476  -2848   1493   -333  -1631    678  -2464    742   -270  -2378  -2814  -2105  -2298    782    445   1031  -1525  -1181    29
     -   -149   -500    233     43   -381    399    106   -626    210   -466   -720    275    394     45     96    359    117   -369   -294   -249 
     -     -6  -8467  -9509   -894  -1115   -701  -1378      *      * 
    30    206  -1342  -3528  -2970    900  -2803  -1792   -924  -2625  -1269   -639  -2492  -2966  -2285  -2515   1232  -1398    524   4910  -1181    30
     -   -149   -500    233     43   -381    399    106   -626    210   -466   -720    275    394     45     96    359    117   -369   -294   -249 
     -     -6  -8467  -9509   -894  -1115   -701  -1378      *      * 
    31    612  -2561  -1074   -513  -2877  -2155   -793  -2595   1305  -2565  -1667   -807  -2245   1476    621   1910  -1117    -30  -2747  -2106    31
     -   -149   -500    233     43   -381    399    106   -626    210   -466   -720    275    394     45     96    359    117   -369   -294   -249 
     -     -6  -8467  -9509   -894  -1115   -701  -1378      *      * 
    32    357  -2030  -4113  -3997  -3737  -2442  -3400    414  -3760  -3638  -2879  -2951  -3156  -3434  -3704   3225    370  -2563  -4095  -3848    32
     -   -149   -500    233     43   -381    399    106   -626    210   -466   -720    275    394     45     96    359    117   -369   -294   -249 
     -     -6  -8467  -9509   -894  -1115   -701  -1378      *      * 
    33   2830  -2124  -4540  -4748  -4710  -2406  -3998  -4494  -4518  -4763  -3819  -3155  -3208  -4040  -4266   2137    592  -3273  -4937  -4860    33
     -   -149   -500    233     43   -381    399    106   -626    210   -466   -720    275    394     45     96    359    117   -369   -294   -249 
     -     -6  -8467  -9509   -894  -1115   -701  -1378      *      * 
    34  -5009  -4658  -5599  -5975  -6339   3844  -5470  -7140  -6257  -6747  -6464  -5673  -5235  -6046  -5830  -5318  -5379  -6405  -5297  -6309    34
     -   -149   -500    233     43   -381    399    106   -626    210   -466   -720    275    394     45     96    359    117   -369   -294   -249 
     -     -6  -8467  -9509   -894  -1115   -701  -1378      *      * 
    35   1007  -2125  -4409  -4520  -4677   2086  -3892  -4473  -4322  -4720  -3773  -3097  -3192  -3887  -4155   2143   1730  -3263  -4892  -4787    35
     -   -149   -500    233     43   -381    399    106   -626    210   -466   -720    275    394     45     96    359    117   -369   -294   -249 
     -     -6  -8467  -9509   -894  -1115   -701  -1378      *      * 
    36  -1284   4156  -3579  -2956  -1093  -2817  -1727   -555  -2568    663   2421  -2465  -2882  -2204  -2393   -167    468    621  -1611  -1269    36
     -   -149   -500    233     43   -381    399    106   -626    210   -466   -720    275    394     45     96    359    117   -369   -294   -249 
     -     -6  -8467  -9509   -894  -1115   -701  -1378      *      * 
    37  -2037  -2648  -2895  -2693  -3991   2942  -2514  -3280   1741  -3689  -2999  -2509  -3359  -2237  -1829  -2205  -2277   1180  -3954  -3654    37
     -   -149   -500    233     43   -381    399    106   -626    210   -466   -720    275    394     45     96    359    117   -369   -294   -249 
     -     -6  -8467  -9509   -894  -1115   -701  -1378      *      * 
    38  -2923  -2461  -5458  -5065   3590  -5113  -4153   1481  -4896  -1272  -1281  -4734  -4871  -4509  -4825  -4395  -2894   1970  -3493  -2887    38
     -   -149   -500    233     43   -381    399    106   -626    210   -466   -720    275    394     45     96    359    117   -369   -294   -249 
     -     -6  -8467  -9509   -894  -1115   -701  -1378      *      * 
    39  -3231  -3880  -4000  -2612  -4836  -3747  -1670  -4123   3540  -3765  -3102  -2471  -3707  -1252    935  -3124   1009  -3885  -3597  -3521    39
     -   -149   -500    233     43   -381    399    106   -626    210   -466   -720    275    394     45     96    359    117   -369   -294   -249 
     -     -6  -8467  -9509   -894  -1115   -701  -1378      *      * 
    40    921  -2414  -1395   -928  -3191   2002  -1244  -2927   -883  -2939  -2037    760  -2452    990  -1365    904    994  -2411  -3140  -2515    40
     -   -149   -500    233     43   -381    399    106   -626    210   -466   -720    275    394     45     96    359    117   -369   -294   -249 
     -     -6  -8467  -9509   -894  -1115   -701  -1378      *      * 
    41  -1431  -2914   1364   -557  -3253  -2237  -1035  -3014   1069  -2959  -2058    811  -2421   -595  -1219   2181   1151  -2558  -3132  -2424    41
     -   -149   -500    233     43   -381    399    106   -626    210   -466   -720    275    394     45     96    359    117   -369   -294   -249 
     -     -6  -8467  -9509   -894  -1115   -701  -1378      *      * 
    42  -3582  -4087  -4668  -2900  -5092  -3975  -1764  -4321   2217  -3902  -3272  -2680  -3886  -1347   3624  -3455  -3190  -4128  -3676  -3672    42
     -   -149   -500    233     43   -381    399    106   -626    210   -466   -720    275    394     45     96    359    117   -369   -294   -249 
     -  -1216  -8467   -819   -894  -1115   -701  -1378      *      * 
    43  -1308  -2965   2508   1562  -3227  -1652   -723  -3041   1976  -2949  -2137   -256  -2025   -335  -1197  -1072  -1306  -2568  -3120  -2302    43
     -   -149   -500    233     43   -381    399    106   -626    210   -466   -720    275    394     45     96    359    117   -369   -294   -249 
     -    -14  -7265  -8307   -894  -1115   -121  -3641      *      * 
    44  -3209  -3949  -3521   1193  -4816  -3700  -1632  -4122   3249  -3756  -3084  -2355  -3660  -1211   1918  -3066  -2893  -3885  -3592  -3484    44
     -   -149   -500    233     43   -381    399    106   -626    210   -466   -720    275    394     45     96    359    117   -369   -294   -249 
     -     -6  -8467  -9509   -894  -1115   -701  -1378      *      * 
    45   1530  -2226  -2542  -2134  -3851    547  -2267  -3592  -1998  -3691  -2789  -2036    552  -1922   1187   2375  -1680  -2832  -3895  -3429    45
     -   -149   -500    233     43   -381    399    106   -626    210   -466   -720    275    394     45     96    359    117   -369   -294   -249 
     -     -6  -8467  -9509   -894  -1115   -701  -1378      *      * 
    46  -1580  -2193  -4245  -4521  -4731  -2455  -3975  -4551  -4439  -4820  -3897  -3144  -3254  -4010  -4224   2520   3127  -3339  -4946  -4833    46
     -   -149   -500    233     43   -381    399    106   -626    210   -466   -720    275    394     45     96    359    117   -369   -294   -249 
     -     -6  -8467  -9509   -894  -1115   -701  -1378      *      * 
    47  -1607  -2243  -3000  -3125  -4172  -2457  -3220  -3865  -3386  -4148  -3322    772   3776  -3097  -3523   -124  -2002    275  -4418  -4093    47
     -   -149   -500    233     43   -381    399    106   -626    210   -466   -720    275    394     45     96    359    117   -369   -294   -249 
     -     -6  -8467  -9509   -894  -1115   -701  -1378      *      * 
    48  -4556  -3780   1141  -5354   2848  -5150  -1625  -3542  -5030    -83  -3012  -3893  -5046  -3971  -4556  -4371  -4440  -3667   -897   3811    48
     -   -149   -500    233     43   -381    399    106   -626    210   -466   -720    275    394     45     96    359    117   -369   -294   -249 
     -     -6  -8467  -9509   -894  -1115   -701  -1378      *      * 
    49   3387  -2183  -4524  -4813  -4731  -2465  -4071  -4400  -4606  -4760  -3870  -3219  -3268  -4140  -4320  -1838   1206  -3272  -4963  -4897    49
     -   -149   -500    233     43   -381    399    106   -626    210   -466   -720    275    394     45     96    359    117   -369   -294   -249 
     -     -6  -8467  -9509   -894  -1115   -701  -1378      *      * 
    50   2866  -1955  -3708  -3434  -3292    -49  -2968  -2911  -3231    382  -2452  -2718  -3065  -2964  -3292    333    664  -2400  -3646  -3343    50
     -   -149   -500    233     43   -381    399    106   -626    210   -466   -720    275    394     45     96    359    117   -369   -294   -249 
     -     -6  -8467  -9509   -894  -1115   -701  -1378      *      * 
    51  -2096  -3162  -2041  -1433  -3635     27  -1329  -3223   1814  -3126   2979  -1603  -2982   3108   -548  -2008  -1978  -2900  -3210  -2796    51
     -   -149   -500    233     43   -381    399    106   -626    210   -466   -720    275    394     45     96    359    117   -369   -294   -249 
     -     -6  -8467  -9509   -894  -1115   -701  -1378      *      * 
    52    866  -1143  -3009  -2406  -1107  -2694  -1533    305  -2110    698   1407  -2146  -2750    688     39  -1752   2047    434  -1591  -1233    52
     -   -149   -500    233     43   -381    399    106   -626    210   -466   -720    275    394     45     96    359    117   -369   -294   -249 
     -     -6  -8467  -9509   -894  -1115   -701  -1378      *      * 
    53   2541  -1640  -3896  -3446  -2031  -2819  -2523   -977  -3125  -1748   1649  -2837  -3189  -2814  -3043  -2035   1773   1078  -2594  -2257    53
     -   -149   -500    233     43   -381    399    106   -626    210   -466   -720    275    394     45     96    359    117   -369   -294   -249 
     -     -6  -8467  -9509   -894  -1115   -701  -1378      *      * 
    54   3232  -2123  -4561  -4793  -4714  -2407  -4018  -4495  -4560  -4769  -3826  -3165  -3210  -4071  -4288    949    697  -3274  -4944  -4872    54
     -   -149   -500    233     43   -381    399    106   -626    210   -466   -720    275    394     45     96    359    117   -369   -294   -249 
     -     -6  -8467  -9509   -894  -1115   -701  -1378      *      * 
    55   1134  -2541   -938   2270  -2851   -506   -756  -2590   -351  -2558  -1646    735  -2182   1002   -857  -1002     38   -321  -2745  -2071    55
     -   -149   -500    233     43   -381    399    106   -626    210   -466   -720    275    394     45     96    359    117   -369   -294   -249 
     -     -6  -8467  -9509   -894  -1115   -701  -1378      *      * 
    56    706  -2488   1075   -405  -2782  -2064   -726    103    676  -2493  -1585   1892  -2157   -276    418    662  -1020    -35  -2688  -2022    56
     -   -149   -500    233     43   -381    399    106   -626    210   -466   -720    275    394     45     96    359    117   -369   -294   -249 
     -     -6  -8467  -9509   -894  -1115   -701  -1378      *      * 
    57   2517   1739  -4445  -3974  -2097  -3425  -2958   -329  -3646      6  -1171  -3371  -3650  -3314  -3508  -2635  -1963   2103  -2840  -2489    57
     -   -149   -500    233     43   -381    399    106   -626    210   -466   -720    275    394     45     96    359    117   -369   -294   -249 
     -     -6  -8467  -9509   -894  -1115   -701  -1378      *      * 
    58   2858  -2231  -5157  -4837  -2852  -4315  -4374   2030  -4655  -1838  -1680  -4326  -4484  -4451  -4651  -3622  -2573   1079  -4128  -3710    58
     -   -149   -500    233     43   -381    399    106   -626    210   -466   -720    275    394     45     96    359    117   -369   -294   -249 
     -     -6  -8467  -9509   -894  -1115   -701  -1378      *      * 
    59  -1120  -2592    357    615  -2915  -2080   -741  -2664   1880  -2606  -1682    737  -2178   1488   1781    228  -1059  -2215  -2770  -2090    59
     -   -149   -500    233     43   -381    399    106   -626    210   -466   -720    275    394     45     96    359    117   -369   -294   -249 
     -   -171  -8467  -3195   -894  -1115   -701  -1378      *      * 
    60    720  -2109    553   -469  -2302  -2041   -717   1217   1805  -2068  -1236   -747  -2130   -317    643   -965    163    148  -2378  -1786    60
     -   -149   -500    233     43   -381    399    106   -626    210   -466   -720    275    394     45     96    359    117   -369   -294   -249 
     -     -7  -8302  -9344   -894  -1115  -1487   -636      *      * 
    61   2675   2111  -3653  -3171  -1670  -2541  -2140   -995  -2829   -295   -886  -2539  -2891  -2491  -2711    103  -1375   1064  -2174  -1838    61
     -   -149   -500    233     43   -381    399    106   -626    210   -466   -720    275    394     45     96    359    117   -369   -294   -249 
     -     -7  -8302  -9344   -894  -1115   -869  -1145      *      * 
    62  -1224  -1075  -3386  -2761   1697  -2756  -1616   1998    936    228   1501  -2339  -2801  -2048    984  -1834  -1164    377  -1530  -1188    62
     -   -149   -500    233     43   -381    399    106   -626    210   -466   -720    275    394     45     96    359    117   -369   -294   -249 
     -     -6  -8379  -9421   -894  -1115   -465  -1858      *      * 
    63    589  -2631   1582   2058  -2946  -2094   -781  -2698   -380  -2645  -1725    758  -2206   1004   -893  -1033    177   -520  -2816  -2129    63
     -   -149   -500    233     43   -381    399    106   -626    210   -466   -720    275    394     45     96    359    117   -369   -294   -249 
     -     -6  -8467  -9509   -894  -1115   -701  -1378      *      * 
    64  -1129  -2514  -1014    582  -2811  -2110   1258  -2534   1555    267  -1612   -758  -2199   2159    616  -1024  -1065   -310  -2706    586    64
     -   -149   -500    233     43   -381    399    106   -626    210   -466   -720    275    394     45     96    359    117   -369   -294   -249 
     -     -6  -8467  -9509   -894  -1115   -701  -1378      *      * 
    65  -2707  -3311  -2804  -3179  -5277   3553  -3809  -5482  -4192  -5511  -4783   1508  -3920  -3725  -4432  -2855  -3111  -4425  -5086  -4985    65
     -   -149   -500    233     43   -381    399    106   -626    210   -466   -720    275    394     45     96    359    117   -369   -294   -249 
     -     -6  -8467  -9509   -894  -1115   -701  -1378      *      * 
    66  -2018  -1781  -4372  -3747    897  -3639  -2493   2397  -3368    917   2976  -3288  -3577  -2888  -3140  -2746  -1948    573  -2173   1101    66
     -   -149   -500    233     43   -381    399    106   -626    210   -466   -720    275    394     45     96    359    117   -369   -294   -249 
     -     -6  -8467  -9509   -894  -1115   -701  -1378      *      * 
    67  -1279  -2707  -1142    572  -3060  -2227   -830  -2784   2329  -2707  -1800   -864  -2312   2251    682    194    387  -2349  -2845  -2212    67
     -   -149   -500    233     43   -381    399    106   -626    210   -466   -720    275    394     45     96    359    117   -369   -294   -249 
     -     -6  -8467  -9509   -894  -1115   -701  -1378      *      * 
    68    787  -2454   -972   -423    390    -80   -736  -2456    734  -2452  -1555    568  -2166    666   1319   -984   1013  -2054  -2662   1420    68
     -   -149   -500    233     43   -381    399    106   -626    210   -466   -720    275    394     45     96    359    117   -369   -294   -249 
     -     -6  -8467  -9509   -894  -1115   -701  -1378      *      * 
    69   1292  -2175  -5124  -4664  -2416  -4676  -3978   1699  -4449   1431  -1292  -4333  -4539  -4168  -4395  -3899  -2550   2280  -3605  -3245    69
     -   -149   -500    233     43   -381    399    106   -626    210   -466   -720    275    394     45     96    359    117   -369   -294   -249 
     -     -6  -8467  -9509   -894  -1115   -701  -1378      *      * 
    70  -1470  -2643    633   2631   1225  -2326   2404    177   -848  -2587  -1779  -1005  -2499   -733  -1355  -1391  -1423  -2194  -2763  -2065    70
     -   -149   -500    233     43   -381    399    106   -626    210   -466   -720    275    394     45     96    359    117   -369   -294   -249 
     -     -6  -8467  -9509   -894  -1115   -701  -1378      *      * 
    71  -2728  -2292  -5225  -4808  -2873  -4963  -4491   2181    843  -1798  -1659  -4569  -4818  -4450  -4420  -4261  -2715   3071  -4249  -3787    71
     -   -149   -500    233     43   -381    399    106   -626    210   -466   -720    275    394     45     96    359    117   -369   -294   -249 
     -     -6  -8467  -9509   -894  -1115   -701  -1378      *      * 
    72  -1761  -2711  -1921  -1243   1262  -2714  -1164  -2586   1860  -2622   2866   1472  -2764   -774   1852  -1728  -1651  -2320  -2819  -2354    72
     -   -149   -500    233     43   -381    399    106   -626    210   -466   -720    275    394     45     96    359    117   -369   -294   -249 
     -     -6  -8467  -9509   -894  -1115   -701  -1378      *      * 
    73  -2888  -2423  -5472  -5046   1458  -5144  -4516   2730  -4889    161  -1206  -4797  -4870  -4525  -4833  -4423  -2854   2423  -3871  -3575    73
     -   -149   -500    233     43   -381    399    106   -626    210   -466   -720    275    394     45     96    359    117   -369   -294   -249 
     -     -6  -8467  -9509   -894  -1115   -701  -1378      *      * 
    74  -2633  -3536  -2988  -1997  -4190  -3350  -1467  -3647   2804  -3423   2180  -2034  -3340  -1044   2170    759  -2420  -3364  -3374  -3130    74
     -   -149   -500    233     43   -381    399    106   -626    210   -466   -720    275    394     45     96    359    117   -369   -294   -249 
     -  -1216  -8467   -819   -894  -1115   -701  -1378      *      * 
    75   2117  -1358  -1217  -1201  -3046   1296  -1565  -2789  -1508  -2942  -2088   2455  -2016  -1287  -1867   -730   -904  -2018  -3172  -2710    75
     -   -149   -500    233     43   -381    399    106   -626    210   -466   -720    275    394     45     96    359    117   -369   -294   -249 
     -    -14  -7265  -8307   -894  -1115  -2964   -198      *      * 
    76   -694  -1606   -798   -493  -2346  -1564   -753  -2016   -365  -2124  -1324   -661   1380   1827   -723   -728   2520  -1602  -2404  -1871    76
     -   -149   -500    233     43   -381    399    106   -626    210   -466   -720    275    394     45     96    359    117   -369   -294   -249 
     -    -14  -7265  -8307   -894  -1115   -121  -3641      *      * 
    77  -2707  -3311  -2804  -3179  -5277   3553  -3809  -5482  -4192  -5511  -4783   1508  -3920  -3725  -4432  -2855  -3111  -4425  -5086  -4985    77
     -   -149   -500    233     43   -381    399    106   -626    210   -466   -720    275    394     45     96    359    117   -369   -294   -249 
     -  -1701  -8467   -536   -894  -1115   -701  -1378      *      * 
    78  -2015  -2197  -2693  -2978  -3776   3682  -2902  -4089  -3291  -4079  -3582  -2708  -2869  -3105  -3196  -2245  -2392  -3372  -3236  -3647    78
     -   -149   -500    233     43   -381    399    106   -626    210   -466   -720    275    394     45     96    359    117   -369   -294   -249 
     -    -20  -6785  -7827   -894  -1115  -3193   -167      *      * 
    79  -1333  -1863   -875   -833    168  -2004   -399  -1847   -931  -1775  -1313   3058  -2280   -826  -1215  -1312  -1359  -1669   -456   2806    79
     -   -149   -500    233     43   -381    399    106   -626    210   -466   -720    275    394     45     96    359    117   -369   -294   -249 
     -    -20  -6785  -7827   -894  -1115  -3193   -167      *      * 
    80   -561  -1311   -734   -246  -1531   1078   -276  -1113   1692    800   -562   -424  -1689     50     -4   -616   -519   -895  -1663  -1188    80
     -   -149   -500    233     43   -381    399    106   -626    210   -466   -720    275    394     45     96    359    117   -369   -294   -249 
     -    -20  -6785  -7827   -894  -1115  -3193   -167      *      * 
    81   -428   -909   -926   -447   1768  -1560   -344   -548   -254   -736   -111   -571  -1701   1912   -569   -603   1452   -409  -1120   -520    81
     -   -149   -500    233     43   -381    399    106   -626    210   -466   -720    275    394     45     96    359    117   -369   -294   -249 
     -    -20  -6785  -7827   -894  -1115  -3193   -167      *      * 
    82   -644  -1839   -502     25  -2224  -1522    -95  -1871   1799  -1835  -1005   -213  -1628   2048    339   -554   1456  -1514  -1987  -1460    82
     -   -149   -500    233     43   -381    399    106   -626    210   -466   -720    275    394     45     96    359    117   -369   -294   -249 
     -    -20  -6785  -7827   -894  -1115  -3193   -167      *      * 
    83   -103   -736  -1723  -1609  -2448   -999  -1545  -2085  -1543  -2383  -1583  -1145  -1666  -1382  -1711   1804   2873  -1387  -2691  -2340    83
     -   -149   -500    233     43   -381    399    106   -626    210   -466   -720    275    394     45     96    359    117   -369   -294   -249 
     -    -20  -6785  -7827   -894  -1115   -102  -3870      *      * 
    84    -44  -2198  -2361  -2097  -2686  -2638  -2058  -2263  -1788    638  -1799  -2074   3335   1511  -1994  -1871  -1808  -2059  -3056  -2646    84
     -   -149   -500    233     43   -381    399    106   -626    210   -466   -720    275    394     45     96    359    117   -369   -294   -249 
     -     -6  -8467  -9509   -894  -1115   -701  -1378      *      * 
    85  -1965  -2544  -4217  -4554  -5038   3537  -4198  -4932  -4697  -5155  -4278  -3420  -3554  -4265  -4492  -2211   1204  -3725  -5062  -5113    85
     -   -149   -500    233     43   -381    399    106   -626    210   -466   -720    275    394     45     96    359    117   -369   -294   -249 
     -     -6  -8467  -9509   -894  -1115   -701  -1378      *      * 
    86      9  -1557  -1810  -1247  -1588  -2400  -1146     28    890   -461   -734  -1380   2259   -986  -1432   -105    506  -1016  -1948   1811    86
     -   -149   -500    233     43   -381    399    106   -626    210   -466   -720    275    394     45     96    359    117   -369   -294   -249 
     -     -6  -8467  -9509   -894  -1115   -701  -1378      *      * 
    87  -2742  -3123  -4538  -4807  -4520   3562  -4399   1176  -4848  -4330  -3983  -4015  -4137  -4599  -4680  -3038  -3149  -3211  -4746  -4647    87
     -   -149   -500    233     43   -381    399    106   -626    210   -466   -720    275    394     45     96    359    117   -369   -294   -249 
     -     -6  -8467  -9509   -894  -1115   -701  -1378      *      * 
    88   1438  -3307  -2655  -1865  -4128    695  -1510  -3647   1530  -3454  -2686  -1931  -3213  -1088   2896  -2287  -2248  -3277  -3431  -3130    88
     -   -149   -500    233     43   -381    399    106   -626    210   -466   -720    275    394     45     96    359    117   -369   -294   -249 
     -     -6  -8467  -9509   -894  -1115   -701  -1378      *      * 
    89  -2128  -3772   1932   2089  -4044  -2534  -1562  -3852   1647  -3757  -2927  -1138  -2881   2344  -1978  -1903  -2117  -3377  -3923  -3121    89
     -   -149   -500    233     43   -381    399    106   -626    210   -466   -720    275    394     45     96    359    117   -369   -294   -249 
     -     -6  -8467  -9509   -894  -1115   -701  -1378      *      * 
    90   2037  -2120  -4201  -4186  -4520  -2397  -3695  -4289  -3999  -4531  -3609  -3003    641  -3640  -3941   2036   2157  -3182  -4735  -4573    90
     -   -149   -500    233     43   -381    399    106   -626    210   -466   -720    275    394     45     96    359    117   -369   -294   -249 
     -     -6  -8467  -9509   -894  -1115   -701  -1378      *      * 
    91   2608  -1567  -3643  -3172  -1956  -2684  -2325   1144  -2880  -1778  -1152  -2639  -3051  -2583  -2841    163   1221    159  -2459  -2117    91
     -   -149   -500    233     43   -381    399    106   -626    210   -466   -720    275    394     45     96    359    117   -369   -294   -249 
     -     -6  -8467  -9509   -894  -1115   -701  -1378      *      * 
    92  -3935  -3358  -6307  -5743   1581  -6039  -4609   2575  -5526   2329   -401  -5715  -5189  -4371  -5047  -5372  -3791  -1603  -3296  -3308    92
     -   -149   -500    233     43   -381    399    106   -626    210   -466   -720    275    394     45     96    359    117   -369   -294   -249 
     -     -6  -8467  -9509   -894  -1115   -701  -1378      *      * 
    93  -3334  -4016  -3597    917  -4923  -3764  -1675  -4199   1030  -3815  -3160  -2423  -3727  -1257   3696  -3186  -2997  -3976  -3635  -3554    93
     -   -149   -500    233     43   -381    399    106   -626    210   -466   -720    275    394     45     96    359    117   -369   -294   -249 
     -     -6  -8467  -9509   -894  -1115   -701  -1378      *      * 
    94   2903   2282  -4756  -4989  -4695   1207  -4062  -4485  -4658  -4754  -3810  -3201  -3210  -4140  -4339    950  -1977  -3264  -4934  -4874    94
     -   -149   -500    233     43   -381    399    106   -626    210   -466   -720    275    394     45     96    359    117   -369   -294   -249 
     -     -6  -8467  -9509   -894  -1115   -701  -1378      *      * 
    95  -3484  -2991  -5923  -5371   1550  -5546  -4412   1909  -5139   2456   -500  -5226  -4963  -4249  -4793  -4812  -3382    635  -3341  -3369    95
     -   -149   -500    233     43   -381    399    106   -626    210   -466   -720    275    394     45     96    359    117   -369   -294   -249 
     -     -6  -8467  -9509   -894  -1115   -701  -1378      *      * 
    96   1564  -2709  -1189   -612  -3058  -2256   -849  -2773   1618  -2703  -1804    561  -2338   2157    932  -1190  -1231  -2349  -2844    344    96
     -   -149   -500    233     43   -381    399    106   -626    210   -466   -720    275    394     45     96    359    117   -369   -294   -249 
     -     -6  -8467  -9509   -894  -1115   -701  -1378      *      * 
    97    622  -2608  -1260   -680  -2945   -526   -894  -2637   1906   -494  -1743   -953  -2369   -455   2297    263  -1246  -2250  -2799  -2201    97
     -   -149   -500    233     43   -381    399    106   -626    210   -466   -720    275    394     45     96    359    117   -369   -294   -249 
     -     -6  -8467  -9509   -894  -1115   -701  -1378      *      * 
    98   1885  -2004  -3438  -3111  -3423    237  -2834  -3064  -2941   -169  -2548  -2574  -3025  -2725  -3102   2260   1156  -2501  -3728  -3398    98
     -   -149   -500    233     43   -381    399    106   -626    210   -466   -720    275    394     45     96    359    117   -369   -294   -249 
     -     -6  -8467  -9509   -894  -1115   -701  -1378      *      * 
    99  -2720  -3307  -2918  -3293  -5289   3639  -3877  -5505  -4267  -5536  -4807    846  -3945  -3810  -4474  -2877  -3129  -4439  -5087  -5020    99
     -   -149   -500    233     43   -381    399    106   -626    210   -466   -720    275    394     45     96    359    117   -369   -294   -249 
     -     -6  -8467  -9509   -894  -1115   -701  -1378      *      * 
   100  -3480  -3019  -5865  -5265   1712  -5406  -4181   1030  -4989   2454   1821  -5089  -4843  -4067  -4605  -4633  -3362    844  -3162  -3221   100
     -   -149   -500    233     43   -381    399    106   -626    210   -466   -720    275    394     45     96    359    117   -369   -294   -249 
     -     -6  -8467  -9509   -894  -1115   -701  -1378      *      * 
   101  -1209  -1318  -2408    852   1311  -2582  -1371   1560    265    232   -504  -1793  -2646  -1428   1590  -1605  -1149    487  -1745  -1359   101
     -   -149   -500    233     43   -381    399    106   -626    210   -466   -720    275    394     45     96    359    117   -369   -294   -249 
     -     -6  -8467  -9509   -894  -1115   -701  -1378      *      * 
   102  -3566  -3024  -6051  -5616  -1947  -5810  -4957   3528  -5442   1395   -733  -5544  -5208  -4626  -5170  -5214  -3495   -752  -3718  -3712   102
     -   -149   -500    233     43   -381    399    106   -626    210   -466   -720    275    394     45     96    359    117   -369   -294   -249 
     -     -6  -8467  -9509   -894  -1115   -701  -1378      *      * 
   103  -1266  -2166  -1563  -1048  -2608   1388  -1223  -2252   1061    199  -1592  -1246  -2486   -863  -1288   1211   1838  -1929  -2734  -2200   103
     -   -149   -500    233     43   -381    399    106   -626    210   -466   -720    275    394     45     96    359    117   -369   -294   -249 
     -     -6  -8467  -9509   -894  -1115   -701  -1378      *      * 
   104     -4   2470  -1136   -583    794  -2153   -825  -2077    620  -2179  -1347    531  -2241   1972   1746  -1078  -1054   -349  -2485  -1897   104
     -   -149   -500    233     43   -381    399    106   -626    210   -466   -720    275    394     45     96    359    117   -369   -294   -249 
     -     -6  -8467  -9509   -894  -1115   -701  -1378      *      * 
   105  -2568  -2267  -5165  -4879  -2908    660  -4505   3508  -4725  -1873  -1725  -4420  -4585  -4556  -4742  -3775  -2634   1234  -4234  -3789   105
     -   -149   -500    233     43   -381    399    106   -626    210   -466   -720    275    394     45     96    359    117   -369   -294   -249 
     -     -6  -8467  -9509   -894  -1115   -701  -1378      *      * 
   106  -1331  -2721  -1216   1624  -3070  -2278   -865  -2779    622  -2711  -1817   -920  -2359   1024   2438  -1216    219    561  -2853  -2239   106
     -   -149   -500    233     43   -381    399    106   -626    210   -466   -720    275    394     45     96    359    117   -369   -294   -249 
     -     -6  -8467  -9509   -894  -1115   -701  -1378      *      * 
   107  -2952  -4772   3688    666  -4994  -2791  -2229  -4690  -2591  -4796  -4223  -1402  -3365  -1921  -3521  -2608  -3053    816  -5065  -4019   107
     -   -149   -500    233     43   -381    399    106   -626    210   -466   -720    275    394     45     96    359    117   -369   -294   -249 
     -     -6  -8467  -9509   -894  -1115   -701  -1378      *      * 
   108  -3621  -3363  -5522  -5627  -4058  -4560  -5131  -1437  -5562  -3183  -3128  -5132  -4975  -5432  -5386  -4498  -3804   3840  -4837  -4707   108
     -   -149   -500    233     43   -381    399    106   -626    210   -466   -720    275    394     45     96    359    117   -369   -294   -249 
     -     -6  -8467  -9509   -894  -1115   -701  -1378      *      * 
   109  -2513  -3116  -3251  -3073  -4738  -3164  -2756  -4384   1181  -4399  -3720  -2855  -3691  -2460  -1798  -2649   3734  -3766  -4321  -4167   109
     -   -149   -500    233     43   -381    399    106   -626    210   -466   -720    275    394     45     96    359    117   -369   -294   -249 
     -     -6  -8467  -9509   -894  -1115   -701  -1378      *      * 
   110  -3012  -3570  -2898  -3255  -5212  -3428  -3839  -5597  -4094  -5569  -4918   1515   4032  -3770  -4307  -3142  -3391  -4653  -4993  -4866   110
     -   -149   -500    233     43   -381    399    106   -626    210   -466   -720    275    394     45     96    359    117   -369   -294   -249 
     -     -6  -8467  -9509   -894  -1115   -701  -1378      *      * 
   111  -1436  -1258  -3688  -3067  -1190  -3007  -1888   1722    738   1102   2493  -2618  -3040  -2335  -2534  -2095   1212    666  -1762  -1425   111
     -   -149   -500    233     43   -381    399    106   -626    210   -466   -720    275    394     45     96    359    117   -369   -294   -249 
     -     -6  -8467  -9509   -894  -1115   -701  -1378      *      * 
   112    389  -2164  -4208  -4495  -4773  -2424  -3978  -4588  -4489  -4842  -3896  -3114   3817  -4005  -4269    946  -2017  -3333  -4988  -4899   112
     -   -149   -500    233     43   -381    399    106   -626    210   -466   -720    275    394     45     96    359    117   -369   -294   -249 
     -     -6  -8467  -9509   -894  -1115   -701  -1378      *      * 
   113  -2745  -3264  -3287  -3493  -3543  -3326   5222  -4820  -3233  -4761  -4216  -3252  -3960  -3439  -3274  -2907    499  -4124  -3871  -3133   113
     -   -149   -500    233     43   -381    399    106   -626    210   -466   -720    275    394     45     96    359    117   -369   -294   -249 
     -  -2296  -8467   -334   -894  -1115   -701  -1378      *      * 
   114  -1008  -1323  -1592  -1791  -2736   3440  -1842  -2830  -2045  -2945  -2393  -1605  -1998  -1903  -2084  -1213  -1354  -2218  -2418  -2564   114
     -   -149   -500    233     43   -381    399    106   -626    210   -466   -720    275    394     45     96    359    117   -369   -294   -249 
     -    -29  -6200  -7243   -894  -1115    -91  -4039      *      * 
   115  -2848  -4493   2473  -1053  -4576  -2791  -2195  -4629  -2484    301  -3975   3377  -3344  -1896  -3313  -2548  -2947  -4175  -4725  -3747   115
     -   -149   -500    233     43   -381    399    106   -626    210   -466   -720    275    394     45     96    359    117   -369   -294   -249 
     -     -6  -8467  -9509   -894  -1115   -701  -1378      *      * 
   116  -1513  -2077  -3893  -3889  -3893   3167  -3426  -3549  -3754    383  -3052  -2918  -3161  -3438  -3709    341    574  -2820  -4216  -3969   116
     -   -149   -500    233     43   -381    399    106   -626    210   -466   -720    275    394     45     96    359    117   -369   -294   -249 
     -     -6  -8467  -9509   -894  -1115   -701  -1378      *      * 
   117  -1841   4765  -4288  -3761  -1769  -3357  -2665    832  -3392  -1211   2251  -3209  -3519  -3038  -3235  -2534   1268   -444  -2511  -2187   117
     -   -149   -500    233     43   -381    399    106   -626    210   -466   -720    275    394     45     96    359    117   -369   -294   -249 
     -     -6  -8467  -9509   -894  -1115   -701  -1378      *      * 
   118  -5431  -4878  -5611  -5275  -6014  -4843  -4379  -6556  -3464  -6071  -5723  -5122  -5202  -4321   4238  -5609  -5434  -6245  -4979  -5556   118
     -   -149   -500    233     43   -381    399    106   -626    210   -466   -720    275    394     45     96    359    117   -369   -294   -249 
     -     -6  -8467  -9509   -894  -1115   -701  -1378      *      * 
   119    679  -3367  -2801  -1982  -4199  -3197  -1554  -3692   1331  -3494  -2744  -2021   3162  -1136   1672  -2405  -2349  -3343  -3461  -3193   119
     -   -149   -500    233     43   -381    399    106   -626    210   -466   -720    275    394     45     96    359    117   -369   -294   -249 
     -     -6  -8467  -9509   -894  -1115   -701  -1378      *      * 
   120  -2118  -2879  -2429  -2352  -4560  -2802  -2391  -4262   1758  -4209  -3432  -2296   3572  -2057  -1673    323  -2357  -3538  -4215  -3896   120
     -   -149   -500    233     43   -381    399    106   -626    210   -466   -720    275    394     45     96    359    117   -369   -294   -249 
     -     -6  -8467  -9509   -894  -1115   -701  -1378      *      * 
   121  -3258  -3907  -3764  -2620  -4915   1017  -1751  -4227   3524  -3862  -3202  -2500  -3742  -1337    703  -3155  -2987  -3970  -3678  -3606   121
     -   -149   -500    233     43   -381    399    106   -626    210   -466   -720    275    394     45     96    359    117   -369   -294   -249 
     -     -6  -8467  -9509   -894  -1115   -701  -1378      *      * 
   122    607  -2971  -1580   -987  -3436    846  -1087  -3102   2598  -2989  -2127    755  -2644   -643   1456  -1560  -1585  -2692  -3077  -2544   122
     -   -149   -500    233     43   -381    399    106   -626    210   -466   -720    275    394     45     96    359    117   -369   -294   -249 
     -     -6  -8467  -9509   -894  -1115   -701  -1378      *      * 
   123  -3304  -3921  -4116  -2678  -4917  -3789  -1689  -4184   1415  -3805  -3150  -2515  -3746  -1271   3710     68  -2988  -3951  -3620  -3563   123
     -   -149   -500    233     43   -381    399    106   -626    210   -466   -720    275    394     45     96    359    117   -369   -294   -249 
     -     -7  -8351  -9393   -894  -1115   -701  -1378      *      * 
   124  -5226  -4727  -5437  -5069  -5838  -4693  -4173  -6344  -3225  -5873  -5512  -4912  -5046  -4092   4232  -5392  -5223  -6036  -4825  -5360   124
     -      *      *      *      *      *      *      *      *      *      *      *      *      *      *      *      *      *      *      *      * 
     -      *      *      *      *      *      *      *      *      0 
//
