## Compact version of /nfs/tmp/Vicki/prints35_0.dat
gc; GPCRRHODOPSN
gx; PR00237
gn; 7
gi; Rhodopsin-like GPCR superfamily signature
gm; 739
mx; GPCRRHODOPSN1
mi; GPCR transmembrane motif I - 3
ml; 25
mc; 739
mn; 1
ls; 5
hs; 490
li; 5
hi; 490
A 68   39   151  145  54   9    92   73   10   34   41   77   79   18   63   13   0    75   16   25   4    92   221  19   105  
B 0    0    0    0    0    0    0    0    0    0    0    0    0    0    0    0    0    0    0    0    0    0    0    0    0    
C 6    0    12   33   2    6    38   3    3    67   8    15   4    3    16   0    0    23   23   0    74   8    3    0    32   
D 0    0    9    0    0    1    0    0    1    0    0    0    4    0    0    0    0    0    0    0    0    0    0    0    0    
E 0    23   0    3    0    22   1    0    5    0    0    0    0    0    0    32   0    0    0    0    0    0    0    0    3    
F 92   6    4    36   67   45   70   75   13   228  44   68   0    75   87   0    0    58   41   1    3    28   6    81   40   
G 38   1    92   34   6    12   105  18   0    39   10   10   357  1    36   564  0    105  1    0    1    10   5    2    49   
H 1    0    1    0    1    4    0    0    0    0    0    0    0    0    0    0    1    0    0    0    0    5    0    1    11   
I 90   124  62   73   96   31   62   94   235  198  108  63   37   157  53   40   0    99   25   11   281  76   109  221  97   
J 0    0    0    0    0    0    0    0    0    0    0    0    0    0    0    0    0    0    0    0    0    0    0    0    0    
K 1    3    0    0    0    0    0    0    0    0    0    0    0    0    0    0    0    0    0    0    0    11   1    0    37   
L 188  245  43   103  216  179  84   255  230  25   297  197  0    215  189  24   0    96   500  53   194  146  20   100  136  
M 29   23   14   12   12   89   3    14   11   11   8    34   0    18   8    0    0    18   38   1    60   31   8    19   17   
N 0    13   5    0    0    0    0    0    0    4    0    0    0    0    0    0    738  0    0    0    0    1    0    11   1    
O 0    0    0    0    0    0    0    0    0    0    0    0    0    0    0    0    0    0    0    0    0    0    0    0    0    
P 14   21   143  37   0    0    3    3    0    1    3    3    0    0    88   0    0    0    2    0    0    0    1    0    0    
Q 0    11   3    0    0    1    0    0    0    0    0    0    0    0    0    0    0    0    0    0    0    0    4    0    1    
R 0    8    4    0    0    0    1    1    0    0    0    0    0    0    0    0    0    0    0    1    1    14   0    0    12   
S 22   34   63   28   22   15   182  35   3    29   14   17   97   6    18   25   0    98   7    2    2    14   67   6    35   
T 45   58   52   80   28   29   46   40   24   34   17   36   143  31   27   19   0    48   34   70   1    32   39   78   29   
U 0    0    0    0    0    0    0    0    0    0    0    0    0    0    0    0    0    0    0    0    0    0    0    0    0    
V 108  75   72   155  167  20   37   128  204  66   188  212  18   213  154  17   0    119  50   575  118  81   254  194  58   
W 16   18   0    0    15   1    12   0    0    3    0    7    0    2    0    5    0    0    1    0    0    92   0    0    19   
X 0    0    0    0    0    0    0    0    0    0    0    0    0    0    0    0    0    0    0    0    0    0    0    0    0    
Y 21   37   9    0    53   275  3    0    0    0    1    0    0    0    0    0    0    0    1    0    0    98   1    7    57   
Z 0    0    0    0    0    0    0    0    0    0    0    0    0    0    0    0    0    0    0    0    0    0    0    0    0    
A -4   -5   4    4    -5   -12  2    -2   -6   -7   -4   -1   4    -6   -3   0    -20  0    -7   0    -7   -5   10   -6   -1   
B -28  -26  -18  -24  -30  -29  -18  -29  -31  -26  -32  -29  -11  -31  -28  -11  29   -22  -35  -28  -32  -29  -23  -27  -24  
C -11  -12  -13  -6   -11  -14  -7   -10  -9   -4   -9   -8   -18  -10  -11  -26  -30  -9   -7   -9   0    -11  -6   -11  -8   
D -28  -26  -16  -24  -30  -28  -18  -29  -31  -26  -32  -29  -10  -31  -26  -11  9    -22  -35  -28  -32  -29  -23  -28  -25  
E -23  -19  -14  -19  -23  -20  -17  -23  -25  -26  -25  -22  -14  -25  -21  -16  0    -19  -27  -19  -28  -21  -16  -23  -19  
F 0    -5   -20  -10  2    11   -8   0    -3   11   -1   -1   -23  1    -4   -25  -29  -7   0    -10  -3   0    -12  0    -4   
G -24  -29  -8   -19  -29  -29  -7   -27  -35  -25  -31  -27  22   -33  -24  40   0    -12  -35  -28  -36  -25  -18  -31  -19  
H -22  -21  -20  -23  -22  -6   -19  -24  -28  -21  -27  -25  -19  -26  -24  -19  10   -22  -27  -28  -28  -17  -24  -24  -17  
I 8    9    -8   5    14   1    -6   13   26   9    19   14   -22  22   6    -29  -30  2    16   24   24   2    10   20   1    
J -990 -989 -990 -990 -990 -990 -989 -990 -990 -989 -989 -990 -990 -990 -990 -990 -990 -990 -989 -990 -990 -990 -990 -990 -989 
K -19  -16  -13  -17  -20  -17  -15  -19  -22  -24  -20  -19  -14  -22  -19  -18  0    -17  -19  -18  -23  -18  -15  -22  -15  
L 9    12   -11  2    13   6    -6   14   21   2    19   13   -23  18   6    -30  -30  0    28   9    20   4    1    12   2    
M 5    6    -8   0    7    5    -5   7    12   1    11   8    -18  11   2    -23  -20  0    15   8    13   2    1    7    0    
N -23  -20  -15  -21  -25  -21  -12  -24  -28  -24  -27  -25  -3   -27  -24  -3   59   -17  -27  -26  -28  -24  -21  -24  -19  
O -990 -989 -990 -990 -990 -990 -989 -990 -990 -989 -989 -990 -990 -990 -990 -990 -990 -990 -989 -990 -990 -990 -990 -990 -989 
P -23  -21  0    -15  -25  -26  -20  -24  -26  -28  -25  -23  -16  -26  -13  -19  -20  -21  -27  -19  -27  -25  -17  -25  -23  
Q -19  -15  -13  -17  -19  -12  -15  -19  -22  -24  -20  -19  -14  -21  -18  -17  0    -17  -19  -18  -23  -16  -15  -21  -15  
R -21  -18  -17  -20  -23  -18  -18  -21  -25  -26  -23  -22  -16  -25  -22  -19  0    -20  -20  -26  -25  -19  -20  -24  -17  
S -12  -11  -1   -6   -14  -14  3    -11  -18  -12  -15  -13  6    -17  -12  0    9    -3   -16  -15  -17  -13  -3   -14  -8   
T -5   -3   -2   0    -6   -11  -2   -4   -5   -8   -5   -3   0    -5   -6   -15  0    -3   -6   3    -8   -7   1    -1   -6   
U -990 -989 -990 -990 -990 -990 -989 -990 -990 -989 -989 -990 -990 -990 -990 -990 -990 -990 -989 -990 -990 -990 -990 -990 -989 
V 7    8    -3   8    12   0    -5   11   23   5    17   14   -14  19   7    -21  -30  3    9    32   20   2    16   19   1    
W -16  -19  -28  -24  -16  -3   -20  -21  -25  -14  -22  -20  -23  -21  -22  -20  -39  -22  -18  -28  -24  0    -28  -22  -16  
X -8   -8   -8   -7   -8   -9   -6   -8   -9   -9   -9   -8   -5   -9   -9   -9   -10  -7   -9   -8   -10  -9   -5   -8   -8   
Y -5   -7   -19  -13  -1   20   -13  -8   -9   0    -8   -8   -24  -6   -10  -26  -19  -13  -8   -11  -10  3    -14  -6   -5   
Z -22  -19  -14  -18  -23  -19  -16  -23  -25  -25  -24  -22  -14  -25  -21  -17  0    -19  -26  -19  -26  -21  -16  -23  -18  
KK; 0.163576
ll; 0.080860
mx; GPCRRHODOPSN2
mi; GPCR transmembrane motif II - 3
ml; 22
mc; 739
mn; 2
ls; 38
hs; 524
li; 7
hi; 63
A 77   13   17   1    0    60   0    0    656  47   487  0    27   54   19   173  62   47   33   16   16   9    
B 0    0    0    0    0    0    0    0    0    0    0    0    0    0    0    0    0    0    0    0    0    0    
C 1    0    22   4    0    24   15   0    7    42   1    0    3    41   6    35   33   25   60   1    0    0    
D 0    76   0    0    0    0    0    0    0    0    0    707  0    0    0    0    0    3    14   0    0    7    
E 1    18   0    0    0    0    0    0    0    0    0    5    15   0    15   0    0    2    0    1    0    17   
F 0    19   56   326  20   65   0    1    2    50   3    0    57   74   147  5    67   93   6    49   144  153  
G 12   5    0    0    0    41   1    0    4    1    27   4    1    15   0    119  2    57   59   11   1    1    
H 0    33   0    3    1    0    58   0    0    0    0    0    5    0    7    0    0    0    0    0    1    6    
I 17   0    148  68   301  41   0    0    0    124  0    0    49   62   47   27   82   52   12   46   19   62   
J 0    0    0    0    0    0    0    0    0    0    0    0    0    0    0    0    0    0    0    0    0    0    
K 0    1    13   0    0    9    0    0    0    0    0    0    0    0    1    0    0    0    0    1    0    9    
L 83   1    100  121  283  231  0    716  1    163  0    0    521  379  94   91   246  184  194  82   97   130  
M 37   2    13   2    33   27   0    20   1    15   0    0    16   29   105  30   4    8    25   168  3    19   
N 36   466  6    0    0    0    379  0    0    0    0    23   0    0    0    9    0    1    44   1    22   8    
O 0    0    0    0    0    0    0    0    0    0    0    0    0    0    0    0    0    0    0    0    0    0    
P 40   0    0    0    1    1    0    0    3    0    0    0    0    0    0    1    0    0    4    236  329  45   
Q 29   1    0    0    0    0    1    0    0    1    0    0    0    0    0    0    0    1    22   3    0    20   
R 4    4    0    0    13   4    0    0    0    0    0    0    0    0    0    0    0    0    0    0    0    6    
S 40   33   4    4    2    14   283  0    54   17   182  0    2    23   8    74   32   48   32   24   5    10   
T 356  30   17   0    3    27   2    2    7    18   38   0    13   10   2    54   53   179  3    17   79   37   
U 0    0    0    0    0    0    0    0    0    0    0    0    0    0    0    0    0    0    0    0    0    0    
V 5    9    89   1    71   195  0    0    4    261  1    0    30   48   254  121  157  28   225  79   22   47   
W 0    0    18   18   0    0    0    0    0    0    0    0    0    4    0    0    1    3    0    0    1    148  
X 0    0    0    0    0    0    0    0    0    0    0    0    0    0    0    0    0    0    0    0    0    0    
Y 1    28   236  191  11   0    0    0    0    0    0    0    0    0    34   0    0    8    6    4    0    5    
Z 0    0    0    0    0    0    0    0    0    0    0    0    0    0    0    0    0    0    0    0    0    0    
A 0    -16  -11  -17  -9   -2   -8   -9   36   -2   28   -19  -8   -5   -7   7    -2   -3   -3   -7   -9   -14  
B -13  19   -29  -31  -33  -29  14   -39  -18  -30  -14  39   -35  -32  -29  -20  -29  -23  -23  -25  -22  -27  
C -12  -27  -11  -16  -10  -8   -19  -10  0    -4   -4   -30  -10  -5   -12  -6   -5   -9   -5   -17  -21  -17  
D -14  9    -30  -31  -33  -29  3    -39  -18  -30  -14  57   -35  -32  -29  -20  -29  -22  -24  -22  -18  -27  
E -11  0    -23  -27  -27  -23  0    -29  -9   -24  -8   19   -26  -26  -21  -17  -23  -20  -19  -17  -17  -21  
F -18  -23  10   34   0    -2   -24  0    -19  -2   -20  -30  2    1    8    -15  -1   -3   -11  -11  -10  7    
G -17  -5   -31  -32  -37  -25  -2   -39  0    -30  0    -9   -35  -30  -30  -5   -29  -19  -20  -25  -24  -27  
H -18  7    -10  -7   -27  -25  6    -29  -19  -27  -17  -9   -26  -25  -20  -22  -25  -21  -23  -21  -18  -18  
I -8   -26  8    3    26   12   -25  19   -10  19   -13  -30  16   12   14   -3   14   0    6    -1   -11  -2   
J -990 -989 -990 -990 -990 -990 -990 -990 -989 -990 -989 -989 -990 -989 -989 -990 -989 -990 -990 -989 -990 -990 
K -9   -3   -21  -25  -23  -18  -1   -19  -9   -21  -8   -9   -19  -20  -19  -15  -19  -17  -17  -14  -15  -20  
L -5   -27  5    5    24   12   -25  39   -10  14   -13  -39  28   20   10   -4   14   3    5    0    -9   0    
M -4   -18  2    1    14   7    -15  20   -9   8    -10  -29  15   11   12   -3   7    0    4    7    -7   0    
N -5   37   -24  -27  -28  -24  34   -29  -17  -27  -10  11   -27  -26  -26  -15  -25  -16  -17  -21  -19  -25  
O -990 -989 -990 -990 -990 -990 -990 -990 -989 -990 -989 -989 -990 -989 -989 -990 -989 -990 -990 -989 -990 -990 
P -9   -18  -28  -34  -28  -24  -16  -29  -10  -24  -10  -10  -28  -27  -25  -18  -24  -22  -21  6    15   -23  
Q -7   -1   -18  -22  -22  -18  0    -19  -9   -21  -8   0    -19  -20  -17  -14  -19  -17  -15  -12  -15  -16  
R -10  -4   -22  -25  -23  -21  -4   -19  -10  -25  -10  -19  -20  -21  -23  -17  -22  -18  -20  -19  -20  -21  
S 4    6    -17  -19  -19  -13  19   -19  11   -15  16   0    -17  -14  -16  0    -12  -4   -10  -10  -10  -16  
T 21   -1   -11  -17  -9   -5   2    -9   0    -4   4    -9   -8   -8   -8   -1   -2   4    -5   -7   -4   -10  
U -990 -989 -990 -990 -990 -990 -990 -990 -989 -990 -989 -989 -990 -989 -989 -990 -989 -990 -990 -989 -990 -990 
V -2   -25  6    -3   19   12   -25  9    -1   19   -6   -29  9    7    14   1    12   0    8    1    -8   -4   
W -23  -33  -5   5    -23  -21  -34  -19  -29  -23  -28  -39  -19  -18  -15  -25  -21  -17  -24  -24  -24  8    
X -4   -8   -10  -10  -9   -8   -6   -9   0    -9   0    -10  -9   -9   -9   -6   -8   -6   -9   -12  -13  -11  
Y -18  -14  18   29   -7   -9   -16  -9   -19  -8   -20  -29  -7   -7   1    -17  -8   -9   -13  -14  -12  2    
Z -10  0    -23  -27  -27  -22  0    -29  -9   -23  -8   9    -26  -25  -20  -16  -23  -19  -18  -15  -16  -20  
KK; 0.172068
ll; 0.072151
mx; GPCRRHODOPSN3
mi; GPCR transmembrane motif III - 3
ml; 23
mc; 739
mn; 3
ls; 81
hs; 576
li; 19
hi; 42
A 57   19   30   56   1    0    299  43   16   7    8    0    93   250  1    249  36   0    0    0    1    411  1    
B 0    0    0    0    0    0    0    0    0    0    0    0    0    0    0    0    0    0    0    0    0    0    0    
C 4    26   6    144  128  11   32   3    0    24   25   0    197  100  0    9    0    0    0    31   10   23   0    
D 263  13   0    0    0    0    0    1    0    0    0    0    0    0    0    0    0    585  0    0    0    0    0    
E 0    23   2    0    2    44   2    9    0    23   0    0    0    1    0    0    0    125  0    0    0    4    0    
F 43   25   32   59   48   134  0    0    1    211  106  0    10   19   5    0    58   0    0    25   36   0    0    
G 24   46   20   98   91   28   39   63   0    2    8    0    16   5    0    2    0    0    0    0    4    45   1    
H 4    17   4    1    0    21   0    0    0    0    74   0    0    0    0    0    0    13   1    25   3    5    0    
I 53   67   85   0    21   26   57   0    407  7    22   81   25   56   461  0    202  0    0    0    108  5    410  
J 0    0    0    0    0    0    0    0    0    0    0    0    0    0    0    0    0    0    0    0    0    0    0    
K 10   25   0    0    0    0    0    0    0    0    0    0    0    0    0    0    0    0    4    0    10   0    0    
L 22   45   230  39   91   14   8    0    86   226  86   588  77   73   155  0    196  0    0    3    233  27   24   
M 21   9    76   17   124  6    7    0    16   67   15   45   12   32   87   0    14   0    0    0    24   2    4    
N 3    5    1    184  0    29   2    1    1    3    120  3    0    0    0    1    0    9    0    0    15   2    0    
O 0    0    0    0    0    0    0    0    0    0    0    0    0    0    0    0    0    0    0    0    0    0    0    
P 15   3    0    1    2    0    0    0    0    0    0    0    0    0    0    0    0    0    0    0    0    0    0    
Q 81   7    0    0    13   24   0    4    0    1    0    0    0    0    0    0    5    7    0    1    18   2    0    
R 7    0    0    1    2    1    0    0    0    0    0    0    1    0    0    0    0    0    734  0    48   14   0    
S 5    58   15   96   76   31   141  590  27   2    153  0    13   6    0    424  3    0    0    2    15   67   0    
T 6    80   65   29   38   210  62   24   36   0    118  0    195  21   0    54   2    0    0    0    16   21   4    
U 0    0    0    0    0    0    0    0    0    0    0    0    0    0    0    0    0    0    0    0    0    0    0    
V 56   170  142  12   95   18   90   0    149  21   4    22   100  172  30   0    205  0    0    1    102  107  295  
W 0    2    7    0    0    0    0    0    0    90   0    0    0    3    0    0    15   0    0    33   87   0    0    
X 0    0    0    0    0    0    0    0    0    0    0    0    0    0    0    0    0    0    0    1    0    0    0    
Y 65   99   24   2    7    142  0    1    0    55   0    0    0    1    0    0    3    0    0    617  9    4    0    
Z 0    0    0    0    0    0    0    0    0    0    0    0    0    0    0    0    0    0    0    0    0    0    0    
A -9   -4   -5   -3   -3   -9   17   10   -5   -14  -7   -9   3    10   -9   19   -5   -18  -10  -19  -10  22   -5   
B 0    -19  -29  -7   -23  -15  -17  -2   -28  -32  -8   -37  -23  -26  -32  -7   -31  33   -9   -29  -29  -19  -30  
C -21  -12  -10  1    3    -16  -2   -11  -9   -12  -13  -10  17   6    -10  -5   -10  -31  -30  -15  -13  -3   -10  
D 7    -19  -29  -12  -23  -16  -17  -2   -28  -32  -12  -37  -23  -26  -32  -7   -31  50   -19  -29  -30  -19  -30  
E -1   -14  -22  -16  -22  -12  -12  -2   -25  -25  -12  -28  -22  -20  -28  -4   -25  24   0    -20  -22  -12  -25  
F -13  -6   -2   -15  -8   4    -17  -20  -4   18   -5   0    -14  -11  0    -20  0    -29  -29  26   -1   -18  -4   
G -16  -20  -28  -4   -16  -20  -7   3    -34  -30  -16  -38  -22  -20  -38  -1   -33  -11  -20  -29  -30  -4   -35  
H -10  -13  -23  -12  -22  -5   -20  -11  -28  -17  -3   -29  -25  -25  -28  -14  -27  -6   0    16   -22  -19  -29  
I -12  0    13   -16  0    -9   -4   -20  29   2    -10  21   0    6    31   -15  23   -29  -30  -11  8    -6   34   
J -990 -990 -990 -990 -990 -990 -989 -990 -990 -990 -990 -989 -990 -990 -990 -990 -990 -990 -990 -989 -990 -990 -990 
K -11  -14  -18  -13  -17  -14  -12  -2   -23  -22  -11  -20  -18  -18  -25  -4   -22  -6   20   -20  -17  -11  -25  
L -17  -3   15   -15  0    -9   -8   -20  16   9    -8   35   -1   3    23   -15  18   -37  -20  -10  11   -8   16   
M -10  -2   11   -11  5    -7   -6   -11  9    7    -5   20   -2   1    16   -10  10   -27  -10  -9   7    -7   10   
N -7   -15  -23  3    -18  -9   -13  6    -26  -27  2    -29  -19  -24  -28  -1   -29  8    0    -20  -24  -16  -29  
O -990 -990 -990 -990 -990 -990 -989 -990 -990 -990 -990 -989 -990 -990 -990 -990 -990 -990 -990 -989 -990 -990 -990 
P -15  -20  -24  -21  -22  -22  -14  -10  -25  -31  -20  -29  -20  -19  -28  -10  -26  -10  -19  -30  -27  -13  -25  
Q -3   -13  -17  -13  -15  -10  -12  -2   -23  -19  -10  -19  -18  -17  -23  -4   -22  3    9    -11  -16  -11  -25  
R -16  -18  -20  -15  -19  -15  -15  -10  -26  -23  -12  -20  -20  -20  -25  -10  -25  -15  49   -20  -17  -13  -29  
S -5   -7   -13  3    -5   -4   7    32   -15  -18  4    -19  -3   -6   -18  26   -18  0    -9   -19  -16  5    -19  
T -9   -1   -3   -3   -5   4    3    7    -4   -14  2    -9   8    -2   -9   9    -7   -10  -10  -19  -8   0    -5   
U -990 -990 -990 -990 -990 -990 -989 -990 -990 -990 -990 -989 -990 -990 -990 -990 -990 -990 -990 -989 -990 -990 -990 
V -10  4    12   -15  0    -7   1    -19  25   -3   -11  12   3    10   23   -11  20   -28  -29  -11  5    1    32   
W -24  -18  -18  -24  -18  -9   -27  -28  -27  7    -21  -20  -22  -24  -25  -29  -20  -37  -29  20   -6   -28  -29  
X -9   -8   -8   -9   -10  -6   -3   -1   -8   -11  -6   -10  -8   -7   -9   0    -9   -10  -10  -10  -10  -3   -9   
Y -9   -2   -7   -16  -12  8    -18  -20  -11  10   -7   -10  -16  -13  -9   -20  -6   -27  -19  60   -5   -17  -10  
Z -3   -14  -21  -14  -18  -12  -12  -2   -25  -24  -11  -28  -19  -19  -27  -4   -25  14   0    -20  -22  -12  -25  
KK; 0.160282
ll; 0.066521
mx; GPCRRHODOPSN4
mi; GPCR transmembrane motif IV - 3
ml; 22
mc; 739
mn; 4
ls; 117
hs; 612
li; 9
hi; 16
A 41   440  99   97   70   20   195  134  78   0    79   44   253  106  113  66   153  92   30   41   64   13   
B 0    0    0    0    0    0    0    0    0    0    0    0    0    0    0    0    0    0    0    0    0    0    
C 22   2    17   12   4    102  16   44   29   0    9    16   11   15   18   63   30   18   1    2    10   5    
D 0    9    0    0    0    0    0    0    0    0    0    0    2    0    0    0    0    0    0    20   0    0    
E 0    12   0    0    14   0    0    0    0    0    0    0    4    0    1    3    0    0    0    47   0    0    
F 29   1    50   18   8    1    14   84   0    0    30   46   0    134  42   29   0    91   1    34   95   176  
G 9    44   30   36   82   0    86   94   4    0    42   10   20   46   36   3    59   17   21   17   7    9    
H 101  0    7    0    1    0    0    0    0    0    0    0    0    0    0    0    0    0    0    6    0    13   
I 19   39   58   95   101  348  68   65   190  0    125  110  3    72   73   173  18   107  21   54   137  141  
J 0    0    0    0    0    0    0    0    0    0    0    0    0    0    0    0    0    0    0    0    0    0    
K 63   1    139  24   29   0    0    0    0    0    0    2    0    0    0    0    0    0    0    0    0    3    
L 51   2    71   153  65   55   128  134  19   0    169  273  1    192  251  186  5    234  58   38   254  128  
M 18   10   7    75   121  8    13   16   3    0    13   65   1    26   3    13   18   23   4    12   56   23   
N 29   5    13   2    1    29   0    0    6    0    0    0    0    4    2    0    3    0    0    12   0    0    
O 0    0    0    0    0    0    0    0    0    0    0    0    0    0    0    0    0    0    0    0    0    0    
P 2    1    3    1    6    0    3    0    7    0    1    13   3    0    3    1    5    2    562  280  25   0    
Q 18   6    10   3    0    0    0    0    0    0    0    0    0    0    0    5    4    0    0    46   3    30   
R 215  9    84   39   7    0    2    0    0    0    0    0    0    0    0    0    0    0    0    2    0    1    
S 15   37   16   10   16   61   46   31   29   0    7    4    399  31   36   20   329  48   8    24   2    15   
T 19   49   25   18   75   3    24   29   122  0    37   8    17   21   22   20   77   28   22   25   9    14   
U 0    0    0    0    0    0    0    0    0    0    0    0    0    0    0    0    0    0    0    0    0    0    
V 52   66   56   136  127  98   144  107  251  0    227  118  25   89   139  111  15   78   9    53   64   139  
W 24   6    28   6    0    0    0    0    1    739  0    28   0    1    0    41   23   0    0    4    4    0    
X 0    0    0    0    0    0    0    0    0    0    0    0    0    0    0    0    0    0    0    0    0    0    
Y 12   0    26   14   12   14   0    1    0    0    0    2    0    2    0    5    0    1    2    22   9    29   
Z 0    0    0    0    0    0    0    0    0    0    0    0    0    0    0    0    0    0    0    0    0    0    
A -8   22   -3   -1   -1   -4   7    2    1    -30  0    -6   18   -1   0    -3   11   -1   -7   -6   -5   -9   
B -13  -17  -18  -26  -22  -25  -24  -25  -24  -40  -28  -32  -8   -27  -28  -30  -10  -28  -21  -16  -31  -28  
C -19  -6   -15  -10  -12  3    -7   -5   -5   -20  -9   -8   -5   -9   -7   -1   -6   -8   -25  -22  -10  -13  
D -19  -17  -21  -27  -22  -26  -24  -25  -24  -40  -28  -32  -8   -27  -28  -30  -10  -28  -13  -12  -31  -28  
E -8   -10  -12  -19  -17  -25  -18  -21  -19  -30  -22  -25  -5   -23  -22  -25  -9   -23  -12  -7   -25  -23  
F -15  -18  -10  -7   -10  -6   -12  -4   -11  10   -5   0    -19  3    -5   -3   -18  0    -32  -20  3    10   
G -20  -4   -18  -23  -16  -30  -12  -14  -25  -20  -24  -31  0    -21  -23  -30  -1   -26  -19  -19  -31  -30  
H 1    -19  -14  -22  -21  -25  -23  -23  -25  -20  -26  -26  -15  -22  -25  -26  -16  -23  -20  -15  -24  -18  
I -15  -7   -8   8    4    19   3    2    16   -30  16   15   -14  7    11   14   -15  11   -21  -13  14   13   
J -990 -989 -990 -990 -989 -990 -990 -989 -989 -990 -990 -990 -990 -990 -990 -989 -990 -989 -990 -990 -989 -990 
K 0    -11  -1   -14  -13  -23  -16  -19  -19  -30  -20  -20  -5   -19  -18  -21  -8   -19  -11  -11  -21  -21  
L -11  -9   -5   8    2    9    1    2    4    -20  11   18   -15  8    12   12   -15  13   -20  -14  16   10   
M -5   -7   -3   7    6    4    0    0    2    -10  6    12   -9   4    5    6    -9   7    -14  -9   11   7    
N -6   -15  -14  -21  -17  -22  -20  -21  -21  -40  -25  -27  -3   -23  -23  -27  -4   -23  -19  -15  -27  -25  
O -990 -989 -990 -990 -989 -990 -990 -989 -989 -990 -990 -990 -990 -990 -990 -989 -990 -989 -990 -990 -989 -990 
P -20  -13  -20  -22  -19  -25  -19  -22  -19  -40  -23  -25  -10  -25  -23  -26  -13  -24  48   14   -24  -27  
Q -2   -10  -8   -14  -13  -22  -16  -19  -19  -20  -20  -19  -5   -19  -18  -20  -7   -19  -11  -7   -19  -19  
R 7    -12  -4   -15  -16  -25  -19  -21  -23  -30  -23  -22  -11  -21  -21  -23  -13  -21  -19  -16  -22  -23  
S -8   5    -7   -11  -7   -11  -4   -7   -8   -30  -13  -16  24   -10  -10  -14  18   -10  -8   -7   -15  -15  
T -8   1    -7   -6   -2   -6   -3   -5   5    -20  -3   -8   5    -7   -4   -6   6    -5   -7   -7   -9   -9   
U -990 -989 -990 -990 -989 -990 -990 -989 -989 -990 -990 -990 -990 -990 -990 -989 -990 -989 -990 -990 -989 -990 
V -14  0    -5   9    7    15   7    4    19   -30  17   12   -10  5    10   11   -11  8    -14  -8   10   10   
W -20  -27  -18  -21  -22  -27  -25  -20  -27  110  -24  -16  -29  -18  -23  -16  -22  -20  -35  -27  -18  -15  
X -9   -3   -8   -8   -7   -10  -6   -7   -7   -20  -8   -10  -1   -8   -7   -9   -3   -7   -16  -12  -9   -9   
Y -7   -18  -9   -11  -13  -11  -15  -11  -13  20   -11  -7   -19  -6   -11  -8   -18  -7   -26  -16  -5   2    
Z -7   -10  -11  -18  -15  -23  -18  -21  -19  -30  -22  -24  -5   -22  -22  -24  -8   -22  -12  -8   -24  -22  
KK; 0.090960
ll; 0.045790
mx; GPCRRHODOPSN5
mi; GPCR transmembrane motif V - 3
ml; 24
mc; 739
mn; 5
ls; 167
hs; 657
li; 6
hi; 177
A 91   6    53   24   69   32   61   101  0    23   48   4    15   102  35   2    93   54   43   1    49   11   0    51   
B 0    0    0    0    0    0    0    0    0    0    0    0    0    0    0    0    0    0    0    0    0    0    0    0    
C 0    1    46   23   15   20   30   36   16   37   4    0    30   25   13   0    43   5    297  0    57   7    0    9    
D 21   0    0    8    0    0    0    2    0    0    0    0    0    0    1    0    0    0    0    0    0    7    0    0    
E 4    2    12   8    0    0    0    2    0    0    0    0    0    0    0    0    0    0    0    0    0    13   1    0    
F 11   51   72   13   187  60   89   39   557  120  40   0    84   30   21   3    60   165  48   0    50   52   0    100  
G 34   5    30   16   8    22   105  180  0    8    15   0    27   29   6    0    36   22   0    0    155  37   0    41   
H 18   1    0    18   10   0    0    51   0    0    0    0    0    0    0    0    0    1    0    0    1    41   0    0    
I 59   246  34   44   29   178  63   18   6    93   211  2    14   97   279  307  103  120  23   0    35   22   463  99   
J 0    0    0    0    0    0    0    0    0    0    0    0    0    0    0    0    0    0    0    0    0    0    0    0    
K 20   0    17   21   0    0    0    0    0    0    0    0    0    0    0    0    0    0    0    0    0    59   0    0    
L 17   181  88   103  78   171  148  28   40   161  262  3    378  238  121  56   175  100  101  0    78   160  78   97   
M 31   23   19   71   29   31   16   8    1    7    20   15   50   5    4    305  9    1    27   0    5    5    65   8    
N 22   1    0    21   50   1    1    6    4    0    0    0    0    0    0    0    2    0    2    14   0    8    0    0    
O 0    0    0    0    0    0    0    0    0    0    0    0    0    0    0    0    0    0    0    0    0    0    0    0    
P 0    0    0    9    0    0    1    0    0    0    12   713  0    9    0    0    0    0    0    0    0    0    0    0    
Q 31   3    17   13   5    0    0    24   0    0    0    0    0    0    0    0    0    0    0    6    4    48   0    0    
R 28   1    4    29   0    0    0    1    0    0    0    0    0    0    0    0    0    1    0    0    3    238  0    4    
S 49   13   63   183  134  28   8    148  3    17   0    0    14   52   9    3    56   15   51   0    72   7    2    36   
T 113  49   40   68   91   33   39   25   1    24   11   0    16   58   19   35   64   41   58   8    94   6    44   21   
U 0    0    0    0    0    0    0    0    0    0    0    0    0    0    0    0    0    0    0    0    0    0    0    0    
V 175  112  55   50   28   163  172  37   17   78   115  2    109  93   231  28   97   174  77   0    63   17   86   81   
W 0    22   42   0    2    0    5    13   0    0    1    0    2    1    0    0    1    8    1    0    37   0    0    39   
X 0    0    0    0    0    0    0    0    0    0    0    0    0    0    0    0    0    0    0    0    0    0    0    0    
Y 15   22   147  17   4    0    1    20   94   171  0    0    0    0    0    0    0    32   11   710  36   1    0    153  
Z 0    0    0    0    0    0    0    0    0    0    0    0    0    0    0    0    0    0    0    0    0    0    0    0    
A 0    -8   -6   -2   -3   -4   -2   2    -18  -9   -5   -9   -7   0    -4   -8   0    -5   0    -19  -1   -9   -8   -7   
B -15  -30  -24  -15  -17  -29  -26  -13  -30  -30  -32  -20  -33  -27  -30  -29  -25  -28  -26  -28  -20  -16  -29  -27  
C -13  -11  -8   -10  -11  -8   -9   -11  -16  -8   -10  -29  -7   -6   -8   -10  -4   -12  29   -20  -7   -22  -10  -13  
D -16  -30  -24  -16  -18  -29  -26  -14  -30  -30  -31  -10  -33  -27  -30  -29  -26  -28  -27  -28  -21  -20  -29  -27  
E -11  -25  -18  -11  -16  -24  -23  -13  -28  -24  -26  -10  -26  -21  -25  -24  -22  -23  -27  -19  -20  -8   -26  -22  
F -14  1    2    -12  3    -1   -3   -14  48   12   -1   -38  2    -6   -3   -1   -4   8    -8   27   -8   -14  -2   8    
G -16  -33  -21  -18  -18  -29  -16  3    -30  -30  -32  -20  -30  -23  -32  -34  -22  -26  -26  -29  -5   -21  -36  -23  
H -16  -24  -12  -14  -13  -25  -24  -10  -8   -13  -27  -20  -25  -25  -28  -25  -24  -21  -24  19   -19  -7   -28  -13  
I 0    20   -4   -4   -3   18   6    -16  0    8    21   -28  13   9    26   22   8    12   0    -10  -8   -13  30   3    
J -989 -989 -990 -990 -990 -989 -990 -989 -989 -989 -990 -990 -990 -990 -989 -990 -989 -990 -990 -990 -989 -990 -990 -990 
K -10  -22  -16  -8   -15  -21  -20  -13  -27  -22  -22  -10  -20  -18  -23  -19  -18  -22  -21  -19  -18  1    -24  -21  
L -5   16   -2   -2   -2   13   4    -17  0    8    19   -28  20   11   15   19   7    7    0    -10  -8   -5   18   1    
M -1   9    -2   1    -1   8    2    -11  0    3    11   -18  13   4    9    26   3    3    0    -10  -7   -2   13   0    
N -11  -26  -19  -8   -10  -25  -22  -7   -28  -25  -27  -20  -26  -22  -27  -24  -21  -25  -23  -18  -14  -9   -27  -23  
O -989 -989 -990 -990 -990 -989 -990 -989 -989 -989 -990 -990 -990 -990 -989 -990 -989 -990 -990 -990 -989 -990 -990 -990 
P -17  -27  -24  -17  -22  -25  -24  -18  -37  -28  -25  66   -27  -21  -25  -24  -23  -26  -25  -29  -22  -21  -26  -27  
Q -9   -21  -13  -7   -14  -20  -20  -11  -26  -19  -21  -9   -19  -18  -23  -15  -18  -21  -21  -9   -16  -1   -23  -18  
R -13  -24  -18  -11  -17  -23  -23  -15  -27  -23  -23  -19  -21  -20  -26  -19  -21  -24  -23  -19  -19  8    -25  -22  
S -2   -16  -8   3    0    -13  -11  4    -19  -15  -16  -9   -15  -7   -16  -14  -7   -14  -7   -18  -3   -10  -17  -13  
T 3    -5   -7   0    0    -5   -6   -6   -18  -10  -7   -9   -8   -2   -4   -6   -2   -6   -3   -18  -2   -10  -5   -10  
U -989 -989 -990 -990 -990 -989 -990 -989 -989 -989 -990 -990 -990 -990 -989 -990 -989 -990 -990 -990 -989 -990 -990 -990 
V 4    16   -3   -3   -5   16   7    -13  -7   5    17   -18  9    8    24   18   7    11   0    -10  -5   -13  25   1    
W -25  -17  -4   -23  -16  -22  -19  -19  7    -8   -23  -39  -17  -23  -26  -20  -22  -15  -19  18   -12  -23  -26  -4   
X -6   -9   -9   -6   -6   -9   -9   -6   -10  -9   -9   -19  -9   -7   -9   -9   -7   -8   -11  -9   -8   -9   -9   -9   
Y -12  -5   7    -12  -4   -8   -9   -12  30   13   -9   -29  -7   -12  -10  -10  -11  0    -12  66   -9   -11  -10  10   
Z -10  -24  -17  -10  -16  -23  -22  -12  -28  -24  -25  -10  -25  -21  -24  -20  -21  -23  -23  -19  -19  -8   -25  -22  
KK; 0.143171
ll; 0.065392
mx; GPCRRHODOPSN6
mi; GPCR transmembrane motif VI - 3
ml; 25
mc; 739
mn; 6
ls; 219
hs; 908
li; 12
hi; 554
A 282  177  18   11   38   94   118  0    12   90   194  1    124  33   21   0    58   0    1    68   32   49   103  10   39   
B 0    0    0    0    0    0    0    0    0    0    0    0    0    0    0    0    0    0    0    0    0    0    0    0    0    
C 0    10   5    0    1    5    21   0    1    10   30   2    18   20   560  2    19   0    1    2    7    3    0    56   8    
D 0    0    0    0    0    0    0    0    0    0    0    3    0    0    0    0    0    0    0    0    0    2    0    0    0    
E 0    0    0    0    0    0    0    0    1    0    0    0    0    0    0    0    0    0    3    1    0    0    12   0    1    
F 25   35   21   0    4    98   7    6    28   44   21   659  139  52   40   30   57   0    319  250  58   106  31   90   30   
G 18   6    4    0    1    117  4    0    0    215  24   0    7    13   2    0    36   1    2    0    5    21   16   1    0    
H 6    1    0    0    0    0    0    0    0    0    0    0    0    1    0    0    0    0    29   173  0    15   23   0    0    
I 77   42   7    45   120  92   238  259  68   81   46   0    141  165  0    0    25   0    27   0    227  71   41   112  106  
J 0    0    0    0    0    0    0    0    0    0    0    0    0    0    0    0    0    0    0    0    0    0    0    0    0    
K 0    3    314  1    0    0    0    0    0    0    0    0    0    0    0    0    0    0    0    0    0    6    20   0    1    
L 32   108  20   90   305  124  66   82   126  133  98   0    126  260  14   2    339  0    67   10   143  90   84   245  232  
M 3    26   2    222  37   25   19   75   111  10   10   0    5    16   12   3    27   0    1    0    5    42   12   27   37   
N 3    15   1    0    0    0    0    2    2    0    0    1    0    0    0    0    0    0    11   110  0    1    153  1    0    
O 0    0    0    0    0    0    0    0    0    0    0    0    0    0    0    0    0    0    0    0    0    0    0    0    0    
P 17   0    0    0    0    6    0    0    0    0    0    0    0    0    0    0    0    738  0    0    0    0    0    20   0    
Q 0    3    28   5    0    0    0    0    0    0    4    0    0    0    0    11   0    0    0    45   0    3    42   0    2    
R 0    4    266  4    0    2    0    0    0    0    0    0    0    0    0    0    0    0    0    3    0    4    37   0    0    
S 27   24   3    22   7    44   19   0    0    28   22   3    7    1    58   0    14   0    5    18   56   33   36   39   15   
T 72   186  17   235  38   26   39   13   17   23   56   0    36   1    31   0    121  0    4    19   30   68   30   55   23   
U 0    0    0    0    0    0    0    0    0    0    0    0    0    0    0    0    0    0    0    0    0    0    0    0    0    
V 174  98   22   104  188  103  208  294  372  105  233  2    135  177  1    0    43   0    14   0    174  201  52   63   140  
W 1    1    3    0    0    3    0    0    0    0    1    13   1    0    0    679  0    0    0    2    0    1    0    13   52   
X 0    0    0    0    0    0    0    0    0    0    0    0    0    0    0    0    0    0    0    0    0    0    0    0    0    
Y 2    0    8    0    0    0    0    8    1    0    0    55   0    0    0    12   0    0    255  38   2    23   47   7    53   
Z 0    0    0    0    0    0    0    0    0    0    0    0    0    0    0    0    0    0    0    0    0    0    0    0    0    
A 12   5    -8   -4   -4   0    2    -6   -4   1    8    -19  0    -5   0    -28  -3   -9   -17  -12  -4   -3   -4   -7   -7   
B -22  -21  -8   -23  -32  -24  -27  -30  -30  -23  -25  -29  -28  -32  -26  -38  -28  -19  -28  -10  -28  -25  -9   -29  -31  
C -7   -7   -26  -10  -9   -12  -5   -10  -10  -13  -4   -19  -7   -7   65   -19  -8   -30  -18  -21  -9   -12  -18  -4   -10  
D -22  -21  -16  -23  -32  -24  -27  -30  -30  -23  -25  -29  -28  -32  -26  -38  -28  -10  -28  -15  -28  -25  -14  -29  -31  
E -15  -16  1    -17  -24  -21  -22  -24  -22  -21  -18  -28  -23  -26  -33  -29  -23  -10  -24  -11  -23  -20  -9   -25  -24  
F -12  -10  -24  -9   -4   -3   -7   -3   -3   -10  -10  55   4    0    -14  11   -3   -39  34   10   -1   0    -12  1    0    
G -15  -19  -20  -27  -33  -12  -27  -34  -31  -1   -19  -29  -26  -32  -26  -20  -25  -19  -29  -18  -30  -24  -15  -31  -31  
H -22  -21  -7   -22  -28  -22  -26  -27  -27  -23  -24  -8   -23  -27  -26  -18  -24  -20  1    14   -25  -19  -6   -24  -23  
I 4    2    -23  7    21   3    20   28   23   -1   8    -1   13   21   -9   -28  7    -30  -1   -15  20   9    -9   11   13   
J -990 -990 -990 -990 -990 -989 -990 -989 -989 -990 -990 -990 -990 -990 -990 -990 -990 -990 -990 -990 -990 -989 -989 -990 -990 
K -15  -14  25   -13  -19  -19  -20  -22  -19  -19  -17  -28  -21  -22  -25  -29  -18  -10  -23  -14  -21  -18  -7   -21  -20  
L -1   2    -15  9    22   1    10   17   16   -2   4    -1   9    19   -8   -18  15   -30  0    -14  13   5    -7   13   14   
M -2   0    -7   15   13   0    6    14   16   -3   2    -1   4    11   -7   -9   7    -20  -2   -9   7    5    -5   7    9    
N -20  -15  -3   -15  -27  -20  -25  -28  -27  -17  -22  -28  -26  -28  -25  -38  -21  -19  -22  -2   -25  -21  0    -24  -27  
O -990 -990 -990 -990 -990 -989 -990 -989 -989 -990 -990 -990 -990 -990 -990 -990 -990 -990 -990 -990 -990 -989 -989 -990 -990 
P -14  -17  -16  -18  -24  -22  -22  -24  -23  -22  -19  -38  -25  -26  -27  -39  -24  69   -33  -25  -25  -23  -19  -24  -26  
Q -15  -13  6    -10  -19  -18  -20  -21  -17  -19  -16  -27  -21  -22  -25  -19  -17  -10  -19  -9   -21  -17  -5   -20  -18  
R -18  -15  23   -14  -22  -21  -23  -26  -24  -21  -20  -29  -23  -24  -26  -29  -18  -20  -23  -12  -24  -21  -7   -22  -22  
S -2   -1   -5   -5   -15  -7   -11  -18  -17  -7   -6   -19  -12  -17  -5   -28  -9   -9   -18  -6   -12  -10  -2   -12  -16  
T 2    9    -8   11   -3   -6   -2   -5   -3   -8   0    -19  -5   -7   -6   -19  0    -10  -17  -11  -4   -2   -4   -4   -7   
U -990 -990 -990 -990 -990 -989 -990 -989 -989 -990 -990 -990 -990 -990 -990 -990 -990 -990 -990 -990 -990 -989 -989 -990 -990 
V 10   6    -19  10   19   3    21   28   25   0    13   -10  12   18   -9   -28  5    -20  -6   -17  18   10   -7   7    11   
W -26  -23  -26  -19  -24  -19  -27  -25  -23  -22  -25  11   -19  -22  -19  101  -19  -39  5    -11  -24  -18  -24  -16  -10  
X -5   -4   -9   -6   -8   -7   -7   -9   -9   -8   -6   -10  -7   -9   -16  -19  -7   -19  -9   -8   -8   -8   -7   -9   -9   
Y -14  -13  -16  -13  -10  -10  -12  -9   -8   -15  -13  31   -5   -8   -16  20   -10  -30  35   11   -8   -3   -8   -6   -1   
Z -15  -15  1    -14  -24  -21  -21  -23  -20  -21  -18  -28  -23  -25  -25  -28  -22  -10  -24  -11  -23  -19  -8   -24  -23  
KK; 0.111902
ll; 0.046829
mx; GPCRRHODOPSN7
mi; GPCR transmembrane motif VII - 3
ml; 27
mc; 739
mn; 7
ls; 263
hs; 951
li; 8
hi; 112
A 38   32   77   62   71   71   5    300  1    142  33   73   94   41   0    6    13   26   0    239  10   37   24   36   5    2    0    
B 0    0    0    0    0    0    0    0    0    0    0    0    0    0    0    0    0    0    0    0    0    0    0    0    0    0    0    
C 0    1    10   60   1    47   6    25   2    47   5    83   324  16   0    0    3    22   0    66   49   32   2    0    0    3    1    
D 19   57   0    0    4    0    0    0    0    0    0    0    0    0    53   0    0    0    0    0    0    0    29   79   97   0    3    
E 18   23   0    0    68   0    0    0    2    0    0    0    0    0    0    0    0    0    0    0    0    0    0    95   82   0    0    
F 163  14   122  134  57   72   136  11   74   65   0    0    13   45   0    0    73   21   4    19   303  145  0    0    44   563  8    
G 8    2    3    51   9    12   0    270  0    11   2    1    18   0    1    0    0    0    0    63   2    0    140  20   12   1    1    
H 9    37   1    0    49   0    0    0    25   0    83   0    0    5    0    0    0    0    0    0    0    1    32   24   24   2    5    
I 49   57   165  42   84   37   65   17   19   42   0    1    66   123  0    0    312  412  0    45   74   24   21   12   5    5    7    
J 0    0    0    0    0    0    0    0    0    0    0    0    0    0    0    0    0    0    0    0    0    0    0    0    0    0    0    
K 16   44   1    0    2    0    0    0    91   0    2    0    0    0    2    0    0    0    0    0    3    5    0    189  132  0    162  
L 75   67   136  49   74   86   476  1    13   133  0    0    50   233  0    0    129  174  25   5    137  163  0    10   5    46   9    
M 95   17   13   0    24   4    17   1    67   12   0    0    25   29   0    0    23   1    0    15   32   105  2    2    1    6    1    
N 15   60   2    0    45   15   0    0    4    0    471  14   0    0    678  0    0    0    0    20   0    23   291  6    87   0    5    
O 0    0    0    0    0    0    0    0    0    0    0    0    0    0    0    0    0    0    0    0    0    0    0    0    0    0    0    
P 0    28   8    81   0    15   0    3    4    0    0    0    0    0    0    733  0    0    0    23   0    1    23   37   0    0    0    
Q 3    61   0    0    9    1    0    2    0    0    0    0    0    0    0    0    0    0    0    0    0    0    4    78   73   2    40   
R 16   15   0    0    31   1    0    0    0    0    7    0    0    0    0    0    0    0    0    0    24   36   0    94   88   43   476  
S 23   82   5    66   44   22   1    75   65   140  133  509  62   2    3    0    0    1    0    27   8    72   157  29   34   0    16   
T 38   77   14   145  66   28   9    26   10   64   0    58   39   10   2    0    2    0    0    106  19   9    14   9    46   3    1    
U 0    0    0    0    0    0    0    0    0    0    0    0    0    0    0    0    0    0    0    0    0    0    0    0    0    0    0    
V 22   21   162  48   67   48   24   3    5    83   3    0    48   131  0    0    158  82   0    70   33   79   0    15   1    7    3    
W 36   1    11   0    0    256  0    0    22   0    0    0    0    2    0    0    25   0    0    0    22   1    0    1    0    0    1    
X 0    0    0    0    0    0    0    0    0    0    0    0    0    0    0    0    0    0    0    0    0    0    0    0    0    0    0    
Y 96   43   9    1    34   24   0    5    335  0    0    0    0    102  0    0    1    0    710  41   23   6    0    3    3    56   0    
Z 0    0    0    0    0    0    0    0    0    0    0    0    0    0    0    0    0    0    0    0    0    0    0    0    0    0    0    
A -10  -7   -4   -1   -4   -11  -10  16   -14  5    -11  10   3    -7   -19  -9   -8   -7   -19  9    -12  -6   -6   -7   -11  -18  -9   
B -23  -6   -29  -20  -15  -30  -36  -14  -22  -22  17   -5   -25  -32  30   -20  -31  -31  -30  -19  -30  -25  9    0    5    -29  -7   
C -16  -19  -9   -6   -16  -8   -10  -10  -18  -2   -24  1    34   -9   -29  -29  -10  -6   -19  -1   -8   -9   -23  -27  -27  -19  -28  
D -23  -7   -29  -19  -16  -30  -36  -14  -23  -22  3    -5   -25  -32  13   -10  -31  -31  -30  -19  -30  -26  1    0    3    -29  -16  
E -18  -4   -24  -18  -9   -24  -29  -14  -15  -17  0    -6   -27  -25  1    -10  -27  -28  -20  -16  -27  -20  -4   10   8    -26  2    
F 10   -15  4    -5   -7   3    10   -21  13   -6   -25  -20  -14  4    -29  -39  3    0    29   -14  21   4    -25  -27  -22  45   -27  
G -25  -18  -29  -16  -21  -21  -36  18   -25  -18  -2   -4   -22  -32  0    -19  -35  -36  -30  -9   -30  -26  7    -15  -14  -29  -19  
H -10  -6   -23  -19  -8   -19  -25  -19  4    -21  12   -13  -25  -19  8    -20  -27  -29  18   -18  -17  -18  -1   -5   -2   -8   -2   
I -1   -11  16   -5   -2   -8   17   -20  -9   1    -26  -17  -1   16   -29  -29  25   29   -8   -6   5    4    -26  -25  -25  0    -27  
J -989 -990 -990 -990 -989 -990 -989 -989 -990 -990 -990 -989 -989 -990 -990 -990 -989 -990 -990 -990 -990 -989 -989 -989 -990 -990 -990 
K -16  -5   -22  -17  -11  -22  -22  -14  -9   -15  -1   -5   -21  -21  0    -10  -25  -25  -20  -15  -23  -15  -6   13   8    -25  23   
L 0    -10  11   -7   -4   -5   28   -21  -7   1    -26  -17  -3   15   -30  -29  17   21   -8   -9   7    8    -27  -22  -22  0    -18  
M 3    -6   6    -6   -2   -3   14   -16  -2   0    -17  -10  -3   9    -20  -19  10   10   -8   -7   5    9    -18  -12  -13  0    -8   
N -18  -2   -27  -16  -10  -27  -29  -9   -15  -17  39   2    -22  -26  55   -20  -29  -29  -20  -14  -27  -19  24   -1   6    -27  0    
O -989 -990 -990 -990 -989 -990 -989 -989 -990 -990 -990 -989 -989 -990 -990 -990 -989 -990 -990 -990 -990 -989 -989 -989 -990 -990 -990 
P -26  -14  -25  -12  -20  -28  -30  -15  -24  -20  -17  -12  -23  -26  -19  69   -28  -28  -30  -14  -32  -25  -14  -8   -15  -36  -17  
Q -13  -2   -21  -17  -9   -18  -22  -13  -8   -15  0    -5   -21  -19  0    -10  -24  -25  -10  -14  -22  -14  -5   8    6    -24  10   
R -17  -8   -24  -20  -12  -23  -22  -15  -13  -18  -2   -12  -23  -23  -1   -19  -27  -26  -20  -16  -23  -16  -8   6    4    -23  35   
S -11  0    -15  -2   -5   -15  -19  7    -10  0    12   28   -4   -17  9    -9   -19  -18  -20  0    -16  -8   11   0    0    -18  -6   
T -9   -1   -7   2    -2   -10  -10  -5   -13  1    0    9    -3   -8   0    -9   -8   -8   -19  2    -12  -7   -2   -8   -5   -18  -9   
U -989 -990 -990 -990 -989 -990 -989 -989 -990 -990 -990 -989 -989 -990 -990 -990 -989 -990 -990 -990 -990 -989 -989 -989 -990 -990 -990 
V -3   -9   14   -3   -1   -9   8    -12  -9   2    -26  -15  0    13   -29  -19  21   22   -9   0    0    1    -24  -19  -21  -9   -25  
W -3   -24  -18  -19  -21  26   -15  -24  3    -22  -35  -28  -22  -15  -39  -39  -18  -26  18   -23  -4   -16  -31  -29  -27  5    -28  
X -9   -7   -9   -8   -7   -12  -9   -4   -9   -5   -7   -2   -11  -9   -9   -19  -10  -9   -10  -6   -10  -8   -7   -9   -8   -9   -9   
Y 8    -9   -3   -10  -6   3    -2   -22  29   -12  -15  -20  -16  2    -20  -29  -5   -9   67   -13  8    -4   -20  -18  -15  25   -18  
Z -17  -4   -24  -18  -9   -24  -28  -14  -14  -17  0    -5   -22  -24  0    -10  -26  -28  -20  -15  -26  -19  -5   8    7    -26  2    
KK; 0.138002
ll; 0.059149
